사용일자,버스정류장ARS번호,총승객수,승차총승객수,하차총승객수
20150101,02003,1036,317,719
20150101,02006,4239,2802,1437
20150101,02282,706,126,580
20150102,02003,1920,507,1413
20150102,02006,7239,4557,2682
20150102,02282,246,43,203
20150103,02003,1507,410,1097
20150103,02006,5746,3674,2072
20150103,02282,464,110,354
20150104,02003,1329,388,941
20150104,02006,5476,3679,1797
20150104,02282,409,84,325
20150105,02003,2070,548,1522
20150105,02006,7733,4812,2921
20150105,02282,185,46,139
20150106,02003,2012,510,1502
20150106,02006,7306,4593,2713
20150106,02282,151,31,120
20150107,02003,2063,545,1518
20150107,02006,7429,4549,2880
20150107,02282,139,6,133
20150108,02003,1978,547,1431
20150108,02006,7501,4653,2848
20150108,02282,142,22,120
20150109,02003,2257,639,1618
20150109,02006,8264,5068,3196
20150109,02282,237,46,191
20150110,02003,1747,538,1209
20150110,02006,6618,4111,2507
20150110,02282,527,127,400
20150111,02003,1369,375,994
20150111,02006,5643,3782,1861
20150111,02282,298,56,242
20150112,02003,1987,531,1456
20150112,02006,7558,4690,2868
20150112,02282,192,35,157
20150113,02003,2033,595,1438
20150113,02006,7674,4806,2868
20150113,02282,214,38,176
20150114,02003,2085,621,1464
20150114,02006,7775,4753,3022
20150114,02282,232,35,197
20150115,02003,2032,557,1475
20150115,02006,7836,4899,2937
20150115,02282,263,39,224
20150116,02003,2103,589,1514
20150116,02006,7902,4913,2989
20150116,02282,154,16,138
20150117,02003,1780,519,1261
20150117,02006,6462,3997,2465
20150117,02282,421,74,347
20150118,02003,1432,417,1015
20150118,02006,5656,3831,1825
20150118,02282,337,61,276
20150119,02003,2064,529,1535
20150119,02006,7683,4848,2835
20150119,02282,233,41,192
20150120,02003,2096,556,1540
20150120,02006,7671,4806,2865
20150120,02282,247,38,209
20150121,02003,1991,581,1410
20150121,02006,7799,4800,2999
20150121,02282,217,41,176
20150122,02003,1952,515,1437
20150122,02006,7795,4818,2977
20150122,02282,243,40,203
20150123,02003,2102,651,1451
20150123,02006,8236,5125,3111
20150123,02282,215,33,182
20150124,02003,1829,515,1314
20150124,02006,6660,4144,2516
20150124,02282,532,115,417
20150125,02003,1315,404,911
20150125,02006,5050,3360,1690
20150125,02282,154,32,122
20150126,02003,1999,561,1438
20150126,02006,7334,4624,2710
20150126,02282,204,41,163
20150127,02003,2048,591,1457
20150127,02006,7393,4530,2863
20150127,02282,227,33,194
20150128,02003,2003,555,1448
20150128,02006,7441,4666,2775
20150128,02282,215,29,186
20150129,02003,1979,569,1410
20150129,02006,7460,4621,2839
20150129,02282,225,27,198
20150130,02003,2119,565,1554
20150130,02006,8056,5016,3040
20150130,02282,227,37,190
20150131,02003,1701,465,1236
20150131,02006,6172,3907,2265
20150131,02282,255,83,172
20150201,02003,1384,443,941
20150201,02006,5590,3678,1912
20150201,02282,277,78,199
20150202,02003,1918,536,1382
20150202,02006,7405,4610,2795
20150202,02282,159,29,130
20150203,02003,1948,540,1408
20150203,02006,7287,4494,2793
20150203,02282,174,41,133
20150204,02003,2043,556,1487
20150204,02006,7442,4674,2768
20150204,02282,126,24,102
20150205,02003,2011,530,1481
20150205,02006,7384,4665,2719
20150205,02282,143,16,127
20150206,02003,2100,591,1509
20150206,02006,7891,4967,2924
20150206,02282,127,30,97
20150207,02003,1618,538,1080
20150207,02006,6624,4134,2490
20150207,02282,428,82,346
20150208,02003,1219,348,871
20150208,02006,4845,3176,1669
20150208,02282,124,21,103
20150209,02003,1979,469,1510
20150209,02006,7059,4374,2685
20150209,02282,130,31,99
20150210,02003,1941,521,1420
20150210,02006,7590,4776,2814
20150210,02282,122,25,97
20150211,02003,2005,600,1405
20150211,02006,7683,4803,2880
20150211,02282,188,53,135
20150212,02003,2033,579,1454
20150212,02006,7676,4825,2851
20150212,02282,112,18,94
20150213,02003,2249,641,1608
20150213,02006,8087,5044,3043
20150213,02282,222,39,183
20150214,02003,1822,533,1289
20150214,02006,6567,4074,2493
20150214,02282,448,88,360
20150215,02003,1440,490,950
20150215,02006,5480,3511,1969
20150215,02282,383,84,299
20150216,02003,1909,518,1391
20150216,02006,7318,4521,2797
20150216,02282,64,14,50
20150217,02003,2031,577,1454
20150217,02006,7775,4694,3081
20150217,02282,131,14,117
20150218,02003,1054,273,781
20150218,02006,4423,2564,1859
20150218,02282,367,74,293
20150219,02003,1048,294,754
20150219,02006,4900,3347,1553
20150219,02282,955,325,630
20150220,02003,1008,334,674
20150220,02006,5272,3556,1716
20150220,02282,1062,369,693
20150221,02003,1144,418,726
20150221,02006,4905,3392,1513
20150221,02282,222,64,158
20150222,02003,1292,452,840
20150222,02006,5663,3872,1791
20150222,02282,348,74,274
20150223,02003,2237,578,1659
20150223,02006,8048,5177,2871
20150223,02282,209,47,162
20150224,02003,2289,688,1601
20150224,02006,7923,4931,2992
20150224,02282,228,54,174
20150225,02003,2252,683,1569
20150225,02006,8102,5187,2915
20150225,02282,180,52,128
20150226,02003,2289,651,1638
20150226,02006,7944,5029,2915
20150226,02282,169,35,134
20150227,02003,2230,659,1571
20150227,02006,8120,5182,2938
20150227,02282,189,41,148
20150228,02003,1750,512,1238
20150228,02006,6499,4142,2357
20150228,02282,471,114,357
20150301,02003,1437,455,982
20150301,02006,5611,3819,1792
20150301,02282,278,76,202
20150302,02003,2461,568,1893
20150302,02006,7809,4932,2877
20150302,02282,120,22,98
20150303,02003,2393,576,1817
20150303,02006,7522,4693,2829
20150303,02282,46,13,33
20150304,02003,2485,609,1876
20150304,02006,7445,4547,2898
20150304,02282,88,18,70
20150305,02003,2494,611,1883
20150305,02006,7858,4930,2928
20150305,02282,114,32,82
20150306,02003,2724,690,2034
20150306,02006,8510,5410,3100
20150306,02282,148,37,111
20150307,02003,1878,573,1305
20150307,02006,6869,4420,2449
20150307,02282,640,194,446
20150308,02003,1523,488,1035
20150308,02006,5859,3833,2026
20150308,02282,443,111,332
20150309,02003,2306,492,1814
20150309,02006,7851,4912,2939
20150309,02282,100,9,91
20150310,02003,2293,533,1760
20150310,02006,7530,4583,2947
20150310,02282,54,15,39
20150311,02003,2481,562,1919
20150311,02006,7564,4612,2952
20150311,02282,104,20,84
20150312,02003,2392,572,1820
20150312,02006,7894,4909,2985
20150312,02282,100,26,74
20150313,02003,2716,680,2036
20150313,02006,8399,5351,3048
20150313,02282,199,51,148
20150314,02003,1824,549,1275
20150314,02006,6946,4438,2508
20150314,02282,587,112,475
20150315,02003,1741,531,1210
20150315,02006,6118,3889,2229
20150315,02282,485,116,369
20150316,02003,2359,546,1813
20150316,02006,8098,5059,3039
20150316,02282,156,21,135
20150317,02003,2372,585,1787
20150317,02006,7931,4937,2994
20150317,02282,104,28,76
20150318,02003,2301,540,1761
20150318,02006,7363,4577,2786
20150318,02282,85,40,45
20150319,02003,2484,675,1809
20150319,02006,8114,5007,3107
20150319,02282,193,24,169
20150320,02003,2639,656,1983
20150320,02006,8643,5433,3210
20150320,02282,246,39,207
20150321,02003,2006,654,1352
20150321,02006,6832,4343,2489
20150321,02282,690,152,538
20150322,02003,1488,433,1055
20150322,02006,5782,3816,1966
20150322,02282,308,91,217
20150323,02003,2337,547,1790
20150323,02006,8022,4911,3111
20150323,02282,111,22,89
20150324,02003,2416,575,1841
20150324,02006,8124,5040,3084
20150324,02282,109,23,86
20150325,02003,2444,600,1844
20150325,02006,7890,4832,3058
20150325,02282,174,26,148
20150326,02003,2385,580,1805
20150326,02006,7945,4995,2950
20150326,02282,155,38,117
20150327,02003,2584,700,1884
20150327,02006,8718,5429,3289
20150327,02282,189,41,148
20150328,02003,2045,558,1487
20150328,02006,6705,4287,2418
20150328,02282,688,169,519
20150329,02003,1419,413,1006
20150329,02006,5945,4029,1916
20150329,02282,377,69,308
20150330,02003,2409,546,1863
20150330,02006,7928,4961,2967
20150330,02282,156,35,121
20150331,02003,2357,577,1780
20150331,02006,7806,4746,3060
20150331,02282,51,7,44
20150401,02003,2493,610,1883
20150401,02006,7781,4741,3040
20150401,02282,184,34,150
20150402,02003,2365,608,1757
20150402,02006,7639,4670,2969
20150402,02282,124,37,87
20150403,02003,2579,662,1917
20150403,02006,8419,5332,3087
20150403,02282,247,62,185
20150404,02003,1839,543,1296
20150404,02006,6712,4220,2492
20150404,02282,617,164,453
20150405,02003,1759,479,1280
20150405,02006,5884,3925,1959
20150405,02282,258,60,198
20150406,02003,2426,598,1828
20150406,02006,8009,4995,3014
20150406,02282,141,35,106
20150407,02003,2430,550,1880
20150407,02006,8055,4989,3066
20150407,02282,125,24,101
20150408,02003,2497,609,1888
20150408,02006,8030,4924,3106
20150408,02282,141,41,100
20150409,02003,2586,669,1917
20150409,02006,8033,4933,3100
20150409,02282,228,64,164
20150410,02003,2553,659,1894
20150410,02006,8508,5438,3070
20150410,02282,427,125,302
20150411,02003,2041,599,1442
20150411,02006,7150,4511,2639
20150411,02282,943,362,581
20150412,02003,1569,538,1031
20150412,02006,6296,4120,2176
20150412,02282,781,310,471
20150413,02003,2342,549,1793
20150413,02006,7722,4758,2964
20150413,02282,198,51,147
20150414,02003,2252,560,1692
20150414,02006,7273,4450,2823
20150414,02282,77,17,60
20150415,02003,2454,559,1895
20150415,02006,8001,4916,3085
20150415,02282,192,48,144
20150416,02003,2363,657,1706
20150416,02006,7097,4212,2885
20150416,02282,91,35,56
20150417,02003,2525,626,1899
20150417,02006,8199,5178,3021
20150417,02282,251,63,188
20150418,02003,1614,527,1087
20150418,02006,5963,3750,2213
20150418,02282,660,263,397
20150419,02003,1279,382,897
20150419,02006,5084,3398,1686
20150419,02282,145,28,117
20150420,02003,2383,600,1783
20150420,02006,7318,4557,2761
20150420,02282,152,51,101
20150421,02003,2282,571,1711
20150421,02006,8069,4981,3088
20150421,02282,162,50,112
20150422,02003,2342,561,1781
20150422,02006,7882,4920,2962
20150422,02282,131,46,85
20150423,02003,2488,643,1845
20150423,02006,7964,5015,2949
20150423,02282,176,39,137
20150424,02003,2512,672,1840
20150424,02006,8270,5112,3158
20150424,02282,210,56,154
20150425,02003,1934,577,1357
20150425,02006,6827,4243,2584
20150425,02282,580,198,382
20150426,02003,1570,529,1041
20150426,02006,6053,4086,1967
20150426,02282,418,109,309
20150427,02003,2350,564,1786
20150427,02006,8058,5086,2972
20150427,02282,318,70,248
20150428,02003,2601,587,2014
20150428,02006,8103,5078,3025
20150428,02282,160,59,101
20150429,02003,2397,601,1796
20150429,02006,7545,4653,2892
20150429,02282,91,31,60
20150430,02003,2644,700,1944
20150430,02006,8256,5070,3186
20150430,02282,208,51,157
20150501,02003,2393,637,1756
20150501,02006,6960,4115,2845
20150501,02282,638,212,426
20150502,02003,1954,543,1411
20150502,02006,6723,4317,2406
20150502,02282,740,264,476
20150503,02003,1527,467,1060
20150503,02006,5949,3971,1978
20150503,02282,340,92,248
20150504,02003,2326,651,1675
20150504,02006,8112,5164,2948
20150504,02282,503,171,332
20150505,02003,1752,579,1173
20150505,02006,6132,4072,2060
20150505,02282,730,273,457
20150506,02003,2418,625,1793
20150506,02006,8062,5036,3026
20150506,02282,103,41,62
20150507,02003,2479,604,1875
20150507,02006,8196,5155,3041
20150507,02282,152,44,108
20150508,02003,2633,660,1973
20150508,02006,8607,5521,3086
20150508,02282,166,46,120
20150509,02003,2030,597,1433
20150509,02006,6697,4238,2459
20150509,02282,520,166,354
20150510,02003,1602,463,1139
20150510,02006,6143,4242,1901
20150510,02282,446,148,298
20150511,02003,2278,553,1725
20150511,02006,7649,4774,2875
20150511,02282,65,21,44
20150512,02003,2335,543,1792
20150512,02006,7740,4717,3023
20150512,02282,82,39,43
20150513,02003,2333,643,1690
20150513,02006,8029,4993,3036
20150513,02282,159,33,126
20150514,02003,2490,607,1883
20150514,02006,8130,4998,3132
20150514,02282,181,69,112
20150515,02003,2551,687,1864
20150515,02006,8527,5351,3176
20150515,02282,189,58,131
20150516,02003,2476,651,1825
20150516,02006,6967,3887,3080
20150516,02282,586,183,403
20150517,02003,1793,535,1258
20150517,02006,6305,4232,2073
20150517,02282,448,117,331
20150518,02003,2477,564,1913
20150518,02006,7821,4901,2920
20150518,02282,140,55,85
20150519,02003,2307,578,1729
20150519,02006,7530,4777,2753
20150519,02282,78,33,45
20150520,02003,2457,618,1839
20150520,02006,8022,4958,3064
20150520,02282,148,57,91
20150521,02003,2491,661,1830
20150521,02006,8067,4972,3095
20150521,02282,93,27,66
20150522,02003,2564,656,1908
20150522,02006,8470,5508,2962
20150522,02282,180,66,114
20150523,02003,2023,555,1468
20150523,02006,6936,4424,2512
20150523,02282,617,181,436
20150524,02003,1644,531,1113
20150524,02006,5593,3575,2018
20150524,02282,754,226,528
20150525,02003,1801,618,1183
20150525,02006,6431,4427,2004
20150525,02282,610,181,429
20150526,02003,2444,600,1844
20150526,02006,7864,4958,2906
20150526,02282,125,24,101
20150527,02003,2353,617,1736
20150527,02006,7740,4879,2861
20150527,02282,156,44,112
20150528,02003,2372,618,1754
20150528,02006,7850,4923,2927
20150528,02282,153,33,120
20150529,02003,2526,673,1853
20150529,02006,8682,5422,3260
20150529,02282,126,26,100
20150530,02003,1832,562,1270
20150530,02006,6586,4182,2404
20150530,02282,292,67,225
20150531,02003,1516,469,1047
20150531,02006,5739,3806,1933
20150531,02282,513,135,378
20150601,02003,2270,558,1712
20150601,02006,7699,4780,2919
20150601,02282,91,27,64
20150602,02003,2257,547,1710
20150602,02006,7472,4626,2846
20150602,02282,111,39,72
20150603,02003,2252,542,1710
20150603,02006,7439,4642,2797
20150603,02282,93,28,65
20150604,02003,2290,569,1721
20150604,02006,7456,4643,2813
20150604,02282,89,28,61
20150605,02003,2261,577,1684
20150605,02006,7456,4820,2636
20150605,02282,98,11,87
20150606,02003,1435,391,1044
20150606,02006,4861,3202,1659
20150606,02282,251,64,187
20150607,02003,1194,340,854
20150607,02006,4666,3223,1443
20150607,02282,231,64,167
20150608,02003,2099,520,1579
20150608,02006,7124,4519,2605
20150608,02282,73,22,51
20150609,02003,2098,533,1565
20150609,02006,7003,4335,2668
20150609,02282,109,34,75
20150610,02003,2065,527,1538
20150610,02006,6806,4300,2506
20150610,02282,110,28,82
20150611,02003,2088,552,1536
20150611,02006,6940,4321,2619
20150611,02282,60,20,40
20150612,02003,2126,546,1580
20150612,02006,7175,4631,2544
20150612,02282,137,36,101
20150613,02003,1481,404,1077
20150613,02006,5462,3404,2058
20150613,02282,181,58,123
20150614,02003,1129,325,804
20150614,02006,4392,2986,1406
20150614,02282,209,60,149
20150615,02003,2084,510,1574
20150615,02006,7152,4514,2638
20150615,02282,59,18,41
20150616,02003,2159,533,1626
20150616,02006,7131,4496,2635
20150616,02282,88,18,70
20150617,02003,1919,529,1390
20150617,02006,6780,4272,2508
20150617,02282,68,23,45
20150618,02003,2093,545,1548
20150618,02006,7026,4431,2595
20150618,02282,98,24,74
20150619,02003,2289,603,1686
20150619,02006,7584,4803,2781
20150619,02282,108,29,79
20150620,02003,1260,338,922
20150620,02006,4709,3036,1673
20150620,02282,63,15,48
20150621,02003,1322,410,912
20150621,02006,5182,3443,1739
20150621,02282,263,57,206
20150622,02003,1965,530,1435
20150622,02006,6990,4543,2447
20150622,02282,128,25,103
20150623,02003,1910,532,1378
20150623,02006,6997,4472,2525
20150623,02282,106,23,83
20150624,02003,2063,572,1491
20150624,02006,6965,4499,2466
20150624,02282,111,18,93
20150625,02003,2015,565,1450
20150625,02006,6875,4431,2444
20150625,02282,110,42,68
20150626,02003,2071,616,1455
20150626,02006,7280,4603,2677
20150626,02282,114,24,90
20150627,02003,1317,323,994
20150627,02006,10617,5273,5344
20150627,02282,422,125,297
20150628,02003,1035,308,727
20150628,02006,9019,4838,4181
20150628,02282,209,68,141
20150629,02003,1713,481,1232
20150629,02006,12670,6088,6582
20150629,02282,111,37,74
20150630,02003,1628,433,1195
20150630,02006,12199,5790,6409
20150630,02282,83,30,53
20150701,02003,1647,437,1210
20150701,02006,12343,5964,6379
20150701,02282,150,26,124
20150702,02003,1687,455,1232
20150702,02006,12692,6222,6470
20150702,02282,198,30,168
20150703,02003,1906,468,1438
20150703,02006,13656,6645,7011
20150703,02282,203,48,155
20150704,02003,1299,306,993
20150704,02006,10569,5417,5152
20150704,02282,346,65,281
20150705,02003,1071,334,737
20150705,02006,9314,5090,4224
20150705,02282,225,39,186
20150706,02003,1811,485,1326
20150706,02006,12556,6046,6510
20150706,02282,117,21,96
20150707,02003,1716,481,1235
20150707,02006,12592,6021,6571
20150707,02282,170,24,146
20150708,02003,1720,443,1277
20150708,02006,12672,6076,6596
20150708,02282,153,21,132
20150709,02003,1744,468,1276
20150709,02006,12440,5947,6493
20150709,02282,123,24,99
20150710,02003,1866,540,1326
20150710,02006,13759,6776,6983
20150710,02282,148,32,116
20150711,02003,1299,325,974
20150711,02006,10280,5116,5164
20150711,02282,275,78,197
20150712,02003,834,239,595
20150712,02006,7477,4243,3234
20150712,02282,69,20,49
20150713,02003,1675,452,1223
20150713,02006,11856,5890,5966
20150713,02282,71,14,57
20150714,02003,1653,489,1164
20150714,02006,12669,6208,6461
20150714,02282,113,32,81
20150715,02003,1776,455,1321
20150715,02006,12829,6200,6629
20150715,02282,97,30,67
20150716,02003,1695,460,1235
20150716,02006,12781,6211,6570
20150716,02282,123,19,104
20150717,02003,1911,504,1407
20150717,02006,13445,6601,6844
20150717,02282,178,51,127
20150718,02003,1338,357,981
20150718,02006,10822,5549,5273
20150718,02282,357,97,260
20150719,02003,1136,352,784
20150719,02006,9127,5156,3971
20150719,02282,207,60,147
20150720,02003,1684,462,1222
20150720,02006,12497,6326,6171
20150720,02282,129,38,91
20150721,02003,1711,457,1254
20150721,02006,12534,6174,6360
20150721,02282,111,20,91
20150722,02003,1684,493,1191
20150722,02006,12554,6257,6297
20150722,02282,82,24,58
20150723,02003,1575,428,1147
20150723,02006,11959,5833,6126
20150723,02282,106,29,77
20150724,02003,1681,445,1236
20150724,02006,12517,6291,6226
20150724,02282,57,11,46
20150725,02003,1061,270,791
20150725,02006,8863,4626,4237
20150725,02282,120,34,86
20150726,02003,987,282,705
20150726,02006,8518,4852,3666
20150726,02282,272,46,226
20150727,02003,1664,502,1162
20150727,02006,12613,6319,6294
20150727,02282,175,42,133
20150728,02003,1690,479,1211
20150728,02006,12598,6290,6308
20150728,02282,169,44,125
20150729,02003,1556,429,1127
20150729,02006,12006,6035,5971
20150729,02282,63,15,48
20150730,02003,1675,469,1206
20150730,02006,12535,6309,6226
20150730,02282,210,54,156
20150731,02003,1743,460,1283
20150731,02006,13090,6648,6442
20150731,02282,225,66,159
20150801,02003,1305,314,991
20150801,02006,10382,5357,5025
20150801,02282,341,115,226
20150802,02003,1079,299,780
20150802,02006,9066,5196,3870
20150802,02282,304,111,193
20150803,02003,1598,468,1130
20150803,02006,12278,6305,5973
20150803,02282,338,116,222
20150804,02003,1688,490,1198
20150804,02006,12086,6249,5837
20150804,02282,347,93,254
20150805,02003,1626,456,1170
20150805,02006,12234,6344,5890
20150805,02282,205,49,156
20150806,02003,1642,457,1185
20150806,02006,11872,5876,5996
20150806,02282,132,53,79
20150807,02003,1601,455,1146
20150807,02006,12264,6222,6042
20150807,02282,105,28,77
20150808,02003,1193,283,910
20150808,02006,9613,5039,4574
20150808,02282,204,66,138
20150809,02003,1072,309,763
20150809,02006,9051,4909,4142
20150809,02282,246,62,184
20150810,02003,1621,471,1150
20150810,02006,12248,6151,6097
20150810,02282,235,38,197
20150811,02003,1576,452,1124
20150811,02006,12652,6517,6135
20150811,02282,208,52,156
20150812,02003,1625,457,1168
20150812,02006,12481,6390,6091
20150812,02282,170,50,120
20150813,02003,1680,465,1215
20150813,02006,12956,6554,6402
20150813,02282,229,59,170
20150814,02003,1439,368,1071
20150814,02006,10690,5577,5113
20150814,02282,476,128,348
20150815,02003,1189,304,885
20150815,02006,10690,5714,4976
20150815,02282,497,123,374
20150816,02003,977,314,663
20150816,02006,9232,5305,3927
20150816,02282,335,93,242
20150817,02003,1702,509,1193
20150817,02006,12616,6406,6210
20150817,02282,233,71,162
20150818,02003,1748,454,1294
20150818,02006,12604,6286,6318
20150818,02282,201,61,140
20150819,02003,1736,443,1293
20150819,02006,13136,6495,6641
20150819,02282,206,45,161
20150820,02003,1679,442,1237
20150820,02006,12903,6413,6490
20150820,02282,129,22,107
20150821,02003,1779,446,1333
20150821,02006,13842,7024,6818
20150821,02282,146,30,116
20150822,02003,1462,369,1093
20150822,02006,10978,5724,5254
20150822,02282,415,105,310
20150823,02003,1137,307,830
20150823,02006,9405,5335,4070
20150823,02282,370,77,293
20150824,02003,1771,459,1312
20150824,02006,13061,6465,6596
20150824,02282,173,45,128
20150825,02003,1629,425,1204
20150825,02006,11986,6001,5985
20150825,02282,99,33,66
20150826,02003,1791,461,1330
20150826,02006,13136,6528,6608
20150826,02282,186,49,137
20150827,02003,1925,512,1413
20150827,02006,13389,6706,6683
20150827,02282,258,46,212
20150828,02003,1978,510,1468
20150828,02006,14015,7023,6992
20150828,02282,176,48,128
20150829,02003,1531,342,1189
20150829,02006,11639,6107,5532
20150829,02282,516,171,345
20150830,02003,1266,373,893
20150830,02006,9860,5680,4180
20150830,02282,398,91,307
20150831,02003,1971,502,1469
20150831,02006,13263,6717,6546
20150831,02282,154,35,119
20150901,02003,2245,489,1756
20150901,02006,13426,6385,7041
20150901,02282,157,34,123
20150902,02003,2238,501,1737
20150902,02006,13408,6358,7050
20150902,02282,94,28,66
20150903,02003,2289,512,1777
20150903,02006,13559,6568,6991
20150903,02282,148,34,114
20150904,02003,2358,515,1843
20150904,02006,14911,7334,7577
20150904,02282,214,33,181
20150905,02003,1392,352,1040
20150905,02006,10989,5808,5181
20150905,02282,270,62,208
20150906,02003,1329,388,941
20150906,02006,10451,5889,4562
20150906,02282,394,90,304
20150907,02003,2206,512,1694
20150907,02006,13689,6616,7073
20150907,02282,164,23,141
20150908,02003,2349,519,1830
20150908,02006,13836,6450,7386
20150908,02282,123,28,95
20150909,02003,2311,520,1791
20150909,02006,13743,6513,7230
20150909,02282,131,42,89
20150910,02003,2309,481,1828
20150910,02006,14168,6772,7396
20150910,02282,160,55,105
20150911,02003,2243,520,1723
20150911,02006,14581,7046,7535
20150911,02282,112,35,77
20150912,02003,1565,418,1147
20150912,02006,12283,6324,5959
20150912,02282,438,122,316
20150913,02003,1164,317,847
20150913,02006,10436,5820,4616
20150913,02282,443,124,319
20150914,02003,2262,460,1802
20150914,02006,14119,6747,7372
20150914,02282,131,31,100
20150915,02003,2282,499,1783
20150915,02006,14217,6792,7425
20150915,02282,114,27,87
20150916,02003,2217,516,1701
20150916,02006,14510,6779,7731
20150916,02282,160,52,108
20150917,02003,2306,519,1787
20150917,02006,13893,6609,7284
20150917,02282,119,24,95
20150918,02003,2252,486,1766
20150918,02006,14816,7204,7612
20150918,02282,189,52,137
20150919,02003,1664,456,1208
20150919,02006,12137,6090,6047
20150919,02282,473,132,341
20150920,02003,1233,320,913
20150920,02006,10079,5446,4633
20150920,02282,310,87,223
20150921,02003,2156,516,1640
20150921,02006,14118,6562,7556
20150921,02282,117,24,93
20150922,02003,2314,545,1769
20150922,02006,14153,6740,7413
20150922,02282,120,31,89
20150923,02003,2030,484,1546
20150923,02006,13665,6466,7199
20150923,02282,95,19,76
20150924,02003,2449,533,1916
20150924,02006,14504,6723,7781
20150924,02282,112,15,97
20150925,02003,2396,504,1892
20150925,02006,14791,7026,7765
20150925,02282,163,64,99
20150926,02003,1011,214,797
20150926,02006,8816,4252,4564
20150926,02282,482,148,334
20150927,02003,883,241,642
20150927,02006,9083,5172,3911
20150927,02282,1111,482,629
20150928,02003,943,343,600
20150928,02006,9807,5953,3854
20150928,02282,897,339,558
20150929,02003,1236,428,808
20150929,02006,10965,6576,4389
20150929,02282,556,182,374
20150930,02003,2164,559,1605
20150930,02006,14318,7142,7176
20150930,02282,205,89,116
20151001,02003,2088,444,1644
20151001,02006,12630,5995,6635
20151001,02282,88,12,76
20151002,02003,2214,529,1685
20151002,02006,14950,7249,7701
20151002,02282,186,53,133
20151003,02003,1452,371,1081
20151003,02006,12356,6459,5897
20151003,02282,660,264,396
20151004,02003,1336,314,1022
20151004,02006,10675,5564,5111
20151004,02282,377,110,267
20151005,02003,2238,511,1727
20151005,02006,13849,6656,7193
20151005,02282,122,20,102
20151006,02003,2253,520,1733
20151006,02006,14023,6685,7338
20151006,02282,95,30,65
20151007,02003,2287,525,1762
20151007,02006,14287,6763,7524
20151007,02282,102,31,71
20151008,02003,2452,516,1936
20151008,02006,15555,7477,8078
20151008,02282,152,44,108
20151009,02003,1497,383,1114
20151009,02006,11430,6077,5353
20151009,02282,674,221,453
20151010,02003,1435,333,1102
20151010,02006,10365,5503,4862
20151010,02282,344,99,245
20151011,02003,1266,325,941
20151011,02006,9757,5478,4279
20151011,02282,161,52,109
20151012,02003,2075,489,1586
20151012,02006,13947,6653,7294
20151012,02282,126,26,100
20151013,02003,2232,478,1754
20151013,02006,13983,6677,7306
20151013,02282,140,36,104
20151014,02003,2294,528,1766
20151014,02006,14269,6667,7602
20151014,02282,154,44,110
20151015,02003,2305,488,1817
20151015,02006,13968,6605,7363
20151015,02282,132,35,97
20151016,02003,2347,586,1761
20151016,02006,15138,7520,7618
20151016,02282,234,56,178
20151017,02003,1616,347,1269
20151017,02006,12102,6298,5804
20151017,02282,518,131,387
20151018,02003,1385,344,1041
20151018,02006,10609,5632,4977
20151018,02282,451,116,335
20151019,02003,2016,458,1558
20151019,02006,13685,6554,7131
20151019,02282,130,28,102
20151020,02003,2216,511,1705
20151020,02006,13804,6621,7183
20151020,02282,121,35,86
20151021,02003,2160,504,1656
20151021,02006,13954,6485,7469
20151021,02282,121,39,82
20151022,02003,2160,477,1683
20151022,02006,13740,6626,7114
20151022,02282,103,33,70
20151023,02003,2305,525,1780
20151023,02006,15027,7542,7485
20151023,02282,161,38,123
20151024,02003,1777,423,1354
20151024,02006,12470,6314,6156
20151024,02282,577,161,416
20151025,02003,1345,379,966
20151025,02006,10885,5977,4908
20151025,02282,540,164,376
20151026,02003,2078,457,1621
20151026,02006,13559,6474,7085
20151026,02282,108,21,87
20151027,02003,2108,473,1635
20151027,02006,12988,6238,6750
20151027,02282,118,30,88
20151028,02003,2214,558,1656
20151028,02006,13772,6501,7271
20151028,02282,155,40,115
20151029,02003,2225,486,1739
20151029,02006,13730,6456,7274
20151029,02282,172,46,126
20151030,02003,2197,506,1691
20151030,02006,14478,7099,7379
20151030,02282,193,39,154
20151031,02003,1614,419,1195
20151031,02006,11872,6061,5811
20151031,02282,574,153,421
20151101,02003,1259,390,869
20151101,02006,10268,5663,4605
20151101,02282,460,126,334
20151102,02003,2174,493,1681
20151102,02006,13561,6454,7107
20151102,02282,140,18,122
20151103,02003,2179,508,1671
20151103,02006,13775,6468,7307
20151103,02282,168,46,122
20151104,02003,2138,459,1679
20151104,02006,13510,6300,7210
20151104,02282,192,62,130
20151105,02003,2221,546,1675
20151105,02006,13923,6538,7385
20151105,02282,175,46,129
20151106,02003,2256,526,1730
20151106,02006,14343,7001,7342
20151106,02282,180,35,145
20151107,02003,1286,326,960
20151107,02006,9507,4973,4534
20151107,02282,157,28,129
20151108,02003,1093,309,784
20151108,02006,8787,4923,3864
20151108,02282,134,50,84
20151109,02003,2106,461,1645
20151109,02006,13379,6325,7054
20151109,02282,118,27,91
20151110,02003,2114,469,1645
20151110,02006,13929,6499,7430
20151110,02282,136,38,98
20151111,02003,2255,527,1728
20151111,02006,14262,6778,7484
20151111,02282,182,45,137
20151112,02003,2199,524,1675
20151112,02006,13895,6570,7325
20151112,02282,222,48,174
20151113,02003,1973,428,1545
20151113,02006,13411,6447,6964
20151113,02282,100,23,77
20151114,02003,1153,317,836
20151114,02006,9271,4530,4741
20151114,02282,290,95,195
20151115,02003,1320,385,935
20151115,02006,10774,6001,4773
20151115,02282,510,139,371
20151116,02003,2079,484,1595
20151116,02006,13358,6250,7108
20151116,02282,62,17,45
20151117,02003,2183,510,1673
20151117,02006,13429,6355,7074
20151117,02282,158,49,109
20151118,02003,2186,505,1681
20151118,02006,13053,6009,7044
20151118,02282,119,15,104
20151119,02003,2282,536,1746
20151119,02006,13851,6667,7184
20151119,02282,158,36,122
20151120,02003,2335,558,1777
20151120,02006,14719,7226,7493
20151120,02282,204,62,142
20151121,02003,1715,389,1326
20151121,02006,11987,6099,5888
20151121,02282,468,132,336
20151122,02003,1266,346,920
20151122,02006,9872,5415,4457
20151122,02282,445,146,299
20151123,02003,1990,449,1541
20151123,02006,13193,6285,6908
20151123,02282,88,21,67
20151124,02003,2139,484,1655
20151124,02006,13288,6407,6881
20151124,02282,121,30,91
20151125,02003,2060,483,1577
20151125,02006,12886,6019,6867
20151125,02282,58,13,45
20151126,02003,2089,458,1631
20151126,02006,13201,6183,7018
20151126,02282,153,32,121
20151127,02003,2123,456,1667
20151127,02006,14028,6793,7235
20151127,02282,175,54,121
20151128,02003,1393,363,1030
20151128,02006,10552,5414,5138
20151128,02282,314,84,230
20151129,02003,1067,330,737
20151129,02006,8712,4887,3825
20151129,02282,140,35,105
20151130,02003,1965,470,1495
20151130,02006,13379,6316,7063
20151130,02282,113,39,74
20151201,02003,2042,483,1559
20151201,02006,13293,6322,6971
20151201,02282,92,11,81
20151202,02003,1925,442,1483
20151202,02006,12265,5664,6601
20151202,02282,36,6,30
20151203,02003,1988,437,1551
20151203,02006,12421,5816,6605
20151203,02282,73,17,56
20151204,02003,2149,511,1638
20151204,02006,13668,6708,6960
20151204,02282,96,24,72
20151205,02003,1312,370,942
20151205,02006,10483,5317,5166
20151205,02282,287,80,207
20151206,02003,1114,339,775
20151206,02006,9433,5224,4209
20151206,02282,252,63,189
20151207,02003,2063,439,1624
20151207,02006,13201,6281,6920
20151207,02282,142,59,83
20151208,02003,2178,479,1699
20151208,02006,13078,6166,6912
20151208,02282,87,21,66
20151209,02003,2181,501,1680
20151209,02006,13362,6331,7031
20151209,02282,146,32,114
20151210,02003,2082,440,1642
20151210,02006,13001,6292,6709
20151210,02282,115,29,86
20151211,02003,2286,558,1728
20151211,02006,14336,6980,7356
20151211,02282,167,41,126
20151212,02003,1543,340,1203
20151212,02006,11221,5603,5618
20151212,02282,414,111,303
20151213,02003,1115,281,834
20151213,02006,9476,5148,4328
20151213,02282,348,82,266
20151214,02003,1958,484,1474
20151214,02006,12426,5905,6521
20151214,02282,101,24,77
20151215,02003,2095,442,1653
20151215,02006,12907,6217,6690
20151215,02282,126,23,103
20151216,02003,1996,466,1530
20151216,02006,12632,5974,6658
20151216,02282,139,28,111
20151217,02003,1995,448,1547
20151217,02006,12029,5798,6231
20151217,02282,179,46,133
20151218,02003,2081,491,1590
20151218,02006,13537,6760,6777
20151218,02282,125,32,93
20151219,02003,1537,370,1167
20151219,02006,11456,5650,5806
20151219,02282,321,72,249
20151220,02003,1335,366,969
20151220,02006,9532,5266,4266
20151220,02282,275,79,196
20151221,02003,1872,465,1407
20151221,02006,12604,6088,6516
20151221,02282,153,42,111
20151222,02003,1863,505,1358
20151222,02006,13134,6338,6796
20151222,02282,163,63,100
20151223,02003,1852,504,1348
20151223,02006,13094,6381,6713
20151223,02282,171,30,141
20151224,02003,2004,609,1395
20151224,02006,13148,6411,6737
20151224,02282,357,61,296
20151225,02003,1114,280,834
20151225,02006,9597,4794,4803
20151225,02282,1028,249,779
20151226,02003,1177,311,866
20151226,02006,9775,5077,4698
20151226,02282,496,126,370
20151227,02003,1022,280,742
20151227,02006,8485,4800,3685
20151227,02282,240,58,182
20151228,02003,1647,436,1211
20151228,02006,12070,6001,6069
20151228,02282,164,38,126
20151229,02003,1751,512,1239
20151229,02006,12196,5955,6241
20151229,02282,221,80,141
20151230,02003,1752,437,1315
20151230,02006,12342,6050,6292
20151230,02282,148,64,84
20151231,02003,1783,493,1290
20151231,02006,12789,6325,6464
20151231,02282,336,77,259
20160101,02003,822,206,616
20160101,02006,7455,3914,3541
20160101,02282,816,231,585
20160102,02003,1032,333,699
20160102,02006,9187,4875,4312
20160102,02282,761,223,538
20160103,02003,952,339,613
20160103,02006,9179,5271,3908
20160103,02282,302,86,216
20160104,02003,1613,475,1138
20160104,02006,11985,6011,5974
20160104,02282,127,23,104
20160105,02003,1475,418,1057
20160105,02006,11783,5717,6066
20160105,02282,122,31,91
20160106,02003,1521,437,1084
20160106,02006,11934,5822,6112
20160106,02282,95,24,71
20160107,02003,1585,449,1136
20160107,02006,11819,5678,6141
20160107,02282,155,48,107
20160108,02003,1703,474,1229
20160108,02006,12722,6273,6449
20160108,02282,100,26,74
20160109,02003,1216,322,894
20160109,02006,10316,5068,5248
20160109,02282,325,88,237
20160110,02003,1048,312,736
20160110,02006,8286,4486,3800
20160110,02282,260,68,192
20160111,02003,1581,429,1152
20160111,02006,11723,5798,5925
20160111,02282,135,36,99
20160112,02003,1549,430,1119
20160112,02006,11649,5731,5918
20160112,02282,96,26,70
20160113,02003,1545,437,1108
20160113,02006,11718,5714,6004
20160113,02282,140,32,108
20160114,02003,1574,433,1141
20160114,02006,12056,5892,6164
20160114,02282,117,32,85
20160115,02003,1740,512,1228
20160115,02006,12883,6479,6404
20160115,02282,159,39,120
20160116,02003,1234,351,883
20160116,02006,10333,5144,5189
20160116,02282,377,95,282
20160117,02003,982,295,687
20160117,02006,8810,4830,3980
20160117,02282,296,79,217
20160118,02003,1493,414,1079
20160118,02006,11248,5453,5795
20160118,02282,115,31,84
20160119,02003,1374,392,982
20160119,02006,10481,4996,5485
20160119,02282,80,16,64
20160120,02003,1498,432,1066
20160120,02006,10955,5331,5624
20160120,02282,101,36,65
20160121,02003,1527,421,1106
20160121,02006,11492,5652,5840
20160121,02282,129,54,75
20160122,02003,1661,454,1207
20160122,02006,12569,6128,6441
20160122,02282,116,34,82
20160123,02003,1029,287,742
20160123,02006,8550,4238,4312
20160123,02282,154,35,119
20160124,02003,690,212,478
20160124,02006,6268,3463,2805
20160124,02282,88,25,63
20160125,02003,1385,394,991
20160125,02006,11103,5398,5705
20160125,02282,71,16,55
20160126,02003,1514,442,1072
20160126,02006,11496,5618,5878
20160126,02282,131,35,96
20160127,02003,1529,436,1093
20160127,02006,12229,5925,6304
20160127,02282,124,23,101
20160128,02003,1642,477,1165
20160128,02006,12241,6008,6233
20160128,02282,119,35,84
20160129,02003,1658,494,1164
20160129,02006,12844,6388,6456
20160129,02282,176,38,138
20160130,02003,1188,314,874
20160130,02006,10216,5145,5071
20160130,02282,312,79,233
20160131,02003,964,289,675
20160131,02006,8281,4539,3742
20160131,02282,203,54,149
20160201,02003,1516,426,1090
20160201,02006,11343,5557,5786
20160201,02282,80,8,72
20160202,02003,1533,445,1088
20160202,02006,11633,5573,6060
20160202,02282,77,16,61
20160203,02003,1563,441,1122
20160203,02006,11960,5816,6144
20160203,02282,118,22,96
20160204,02003,1667,409,1258
20160204,02006,12294,5950,6344
20160204,02282,102,21,81
20160205,02003,1635,441,1194
20160205,02006,12205,5924,6281
20160205,02282,63,11,52
20160206,02003,918,198,720
20160206,02006,8189,3883,4306
20160206,02282,218,43,175
20160207,02003,777,172,605
20160207,02006,6667,3230,3437
20160207,02282,381,104,277
20160208,02003,607,199,408
20160208,02006,7240,4211,3029
20160208,02282,573,189,384
20160209,02003,822,295,527
20160209,02006,7932,4814,3118
20160209,02282,674,219,455
20160210,02003,1016,384,632
20160210,02006,9084,5435,3649
20160210,02282,433,142,291
20160211,02003,1411,419,992
20160211,02006,11928,6154,5774
20160211,02282,175,46,129
20160212,02003,1429,417,1012
20160212,02006,11481,5776,5705
20160212,02282,75,22,53
20160213,02003,1087,308,779
20160213,02006,9014,4621,4393
20160213,02282,198,51,147
20160214,02003,839,242,597
20160214,02006,7891,4206,3685
20160214,02282,180,39,141
20160215,02003,1450,408,1042
20160215,02006,11687,5753,5934
20160215,02282,113,22,91
20160216,02003,1419,408,1011
20160216,02006,11997,5802,6195
20160216,02282,121,45,76
20160217,02003,1691,461,1230
20160217,02006,12503,6191,6312
20160217,02282,148,22,126
20160218,02003,1743,432,1311
20160218,02006,12459,6124,6335
20160218,02282,139,19,120
20160219,02003,1726,463,1263
20160219,02006,13214,6740,6474
20160219,02282,166,41,125
20160220,02003,1207,329,878
20160220,02006,10315,5199,5116
20160220,02282,386,103,283
20160221,02003,965,262,703
20160221,02006,9096,4974,4122
20160221,02282,299,112,187
20160222,02003,1626,482,1144
20160222,02006,12328,6035,6293
20160222,02282,146,36,110
20160223,02003,1703,461,1242
20160223,02006,12310,6087,6223
20160223,02282,148,28,120
20160224,02003,1785,427,1358
20160224,02006,12587,6107,6480
20160224,02282,131,35,96
20160225,02003,1848,475,1373
20160225,02006,12777,6307,6470
20160225,02282,110,46,64
20160226,02003,1881,483,1398
20160226,02006,13526,6908,6618
20160226,02282,158,46,112
20160227,02003,1324,352,972
20160227,02006,10418,5229,5189
20160227,02282,375,115,260
20160228,02003,937,236,701
20160228,02006,7931,4186,3745
20160228,02282,147,36,111
20160229,02003,1531,444,1087
20160229,02006,12262,6101,6161
20160229,02282,138,35,103
20160301,02003,1058,309,749
20160301,02006,8839,4721,4118
20160301,02282,227,48,179
20160302,02003,2215,415,1800
20160302,02006,12543,5920,6623
20160302,02282,85,23,62
20160303,02003,2212,474,1738
20160303,02006,12959,6160,6799
20160303,02282,120,28,92
20160304,02003,2295,525,1770
20160304,02006,13880,6879,7001
20160304,02282,159,29,130
20160305,02003,1077,243,834
20160305,02006,8404,4189,4215
20160305,02282,113,25,88
20160306,02003,1059,274,785
20160306,02006,9225,4932,4293
20160306,02282,374,81,293
20160307,02003,2221,458,1763
20160307,02006,12939,6131,6808
20160307,02282,73,27,46
20160308,02003,2293,441,1852
20160308,02006,13060,6113,6947
20160308,02282,80,36,44
20160309,02003,2264,450,1814
20160309,02006,12834,5998,6836
20160309,02282,81,18,63
20160310,02003,2308,476,1832
20160310,02006,12682,6073,6609
20160310,02282,65,13,52
20160311,02003,2286,498,1788
20160311,02006,13686,6541,7145
20160311,02282,88,23,65
20160312,02003,1439,338,1101
20160312,02006,10703,5304,5399
20160312,02282,311,71,240
20160313,02003,1014,281,733
20160313,02006,9022,4815,4207
20160313,02282,167,65,102
20160314,02003,2246,461,1785
20160314,02006,12881,6174,6707
20160314,02282,126,29,97
20160315,02003,2295,497,1798
20160315,02006,12840,6041,6799
20160315,02282,95,30,65
20160316,02003,2250,444,1806
20160316,02006,13334,6233,7101
20160316,02282,138,18,120
20160317,02003,2282,483,1799
20160317,02006,13098,6275,6823
20160317,02282,120,34,86
20160318,02003,2323,534,1789
20160318,02006,14258,6996,7262
20160318,02282,171,54,117
20160319,02003,1682,405,1277
20160319,02006,11874,5863,6011
20160319,02282,618,186,432
20160320,02003,1217,340,877
20160320,02006,10106,5406,4700
20160320,02282,404,122,282
20160321,02003,2175,469,1706
20160321,02006,13116,6193,6923
20160321,02282,128,27,101
20160322,02003,2293,442,1851
20160322,02006,13246,6192,7054
20160322,02282,213,71,142
20160323,02003,2181,439,1742
20160323,02006,13111,6323,6788
20160323,02282,178,32,146
20160324,02003,2301,477,1824
20160324,02006,13528,6392,7136
20160324,02282,146,31,115
20160325,02003,2372,507,1865
20160325,02006,14200,6881,7319
20160325,02282,189,40,149
20160326,02003,1635,362,1273
20160326,02006,11365,5699,5666
20160326,02282,544,124,420
20160327,02003,1156,326,830
20160327,02006,9828,5388,4440
20160327,02282,463,139,324
20160328,02003,2222,497,1725
20160328,02006,13497,6489,7008
20160328,02282,162,34,128
20160329,02003,2256,436,1820
20160329,02006,12946,6149,6797
20160329,02282,155,45,110
20160330,02003,2290,448,1842
20160330,02006,13419,6438,6981
20160330,02282,209,31,178
20160331,02003,2250,493,1757
20160331,02006,13478,6430,7048
20160331,02282,204,50,154
20160401,02003,2229,503,1726
20160401,02006,14373,6882,7491
20160401,02282,250,49,201
20160402,02003,1587,354,1233
20160402,02006,11855,5946,5909
20160402,02282,764,245,519
20160403,02003,1108,348,760
20160403,02006,9369,5196,4173
20160403,02282,221,77,144
20160404,02003,2187,479,1708
20160404,02006,13482,6442,7040
20160404,02282,257,51,206
20160405,02003,2235,470,1765
20160405,02006,13575,6443,7132
20160405,02282,250,42,208
20160406,02003,2267,515,1752
20160406,02006,13221,6332,6889
20160406,02282,215,47,168
20160407,02003,2184,483,1701
20160407,02006,13439,6423,7016
20160407,02282,267,51,216
20160408,02003,2321,509,1812
20160408,02006,14704,7172,7532
20160408,02282,386,97,289
20160409,02003,1537,376,1161
20160409,02006,11864,5978,5886
20160409,02282,604,238,366
20160410,02003,1164,341,823
20160410,02006,10069,5507,4562
20160410,02282,482,173,309
20160411,02003,2180,466,1714
20160411,02006,13593,6464,7129
20160411,02282,306,82,224
20160412,02003,2390,489,1901
20160412,02006,14080,6756,7324
20160412,02282,274,83,191
20160413,02003,1246,337,909
20160413,02006,9339,4742,4597
20160413,02282,515,135,380
20160414,02003,2243,497,1746
20160414,02006,13576,6483,7093
20160414,02282,207,42,165
20160415,02003,2269,470,1799
20160415,02006,14331,7105,7226
20160415,02282,254,52,202
20160416,02003,1304,344,960
20160416,02006,9872,4880,4992
20160416,02282,291,105,186
20160417,02003,1188,345,843
20160417,02006,9322,5197,4125
20160417,02282,409,89,320
20160418,02003,2110,414,1696
20160418,02006,12782,5998,6784
20160418,02282,154,61,93
20160419,02003,2195,481,1714
20160419,02006,13312,6369,6943
20160419,02282,239,50,189
20160420,02003,2186,451,1735
20160420,02006,13008,6116,6892
20160420,02282,152,47,105
20160421,02003,2154,478,1676
20160421,02006,12714,6287,6427
20160421,02282,133,14,119
20160422,02003,2251,485,1766
20160422,02006,13604,6731,6873
20160422,02282,189,43,146
20160423,02003,1489,401,1088
20160423,02006,11369,5747,5622
20160423,02282,520,143,377
20160424,02003,1077,284,793
20160424,02006,9601,5308,4293
20160424,02282,453,127,326
20160425,02003,2102,471,1631
20160425,02006,13506,6374,7132
20160425,02282,328,80,248
20160426,02003,2123,452,1671
20160426,02006,13156,6377,6779
20160426,02282,223,57,166
20160427,02003,2182,480,1702
20160427,02006,13311,6414,6897
20160427,02282,178,40,138
20160428,02003,2158,443,1715
20160428,02006,13633,6586,7047
20160428,02282,271,82,189
20160429,02003,2209,478,1731
20160429,02006,14434,7050,7384
20160429,02282,298,89,209
20160430,02003,1430,323,1107
20160430,02006,11196,5724,5472
20160430,02282,478,108,370
20160501,02003,1302,318,984
20160501,02006,10358,5665,4693
20160501,02282,547,171,376
20160502,02003,2030,450,1580
20160502,02006,12896,6057,6839
20160502,02282,163,39,124
20160503,02003,1968,384,1584
20160503,02006,11750,5538,6212
20160503,02282,99,17,82
20160504,02003,2335,493,1842
20160504,02006,14786,6958,7828
20160504,02282,441,86,355
20160505,02003,1373,322,1051
20160505,02006,10551,5308,5243
20160505,02282,1008,304,704
20160506,02003,1296,322,974
20160506,02006,9511,4850,4661
20160506,02282,285,102,183
20160507,02003,1727,399,1328
20160507,02006,11811,6253,5558
20160507,02282,754,249,505
20160508,02003,1300,392,908
20160508,02006,10603,5864,4739
20160508,02282,443,162,281
20160509,02003,2228,531,1697
20160509,02006,13954,6973,6981
20160509,02282,189,46,143
20160510,02003,2133,404,1729
20160510,02006,12678,6115,6563
20160510,02282,116,22,94
20160511,02003,2326,483,1843
20160511,02006,13772,6494,7278
20160511,02282,194,58,136
20160512,02003,2228,503,1725
20160512,02006,13884,6681,7203
20160512,02282,267,88,179
20160513,02003,2365,481,1884
20160513,02006,14763,7256,7507
20160513,02282,293,79,214
20160514,02003,1563,366,1197
20160514,02006,12196,6125,6071
20160514,02282,624,206,418
20160515,02003,1033,260,773
20160515,02006,8912,4886,4026
20160515,02282,250,82,168
20160516,02003,1998,423,1575
20160516,02006,13556,6467,7089
20160516,02282,240,54,186
20160517,02003,1956,462,1494
20160517,02006,13403,6279,7124
20160517,02282,222,73,149
20160518,02003,2192,412,1780
20160518,02006,13432,6365,7067
20160518,02282,280,64,216
20160519,02003,2178,488,1690
20160519,02006,13636,6509,7127
20160519,02282,177,46,131
20160520,02003,2366,539,1827
20160520,02006,14271,6996,7275
20160520,02282,239,63,176
20160521,02003,1747,380,1367
20160521,02006,11896,5991,5905
20160521,02282,645,229,416
20160522,02003,1141,323,818
20160522,02006,9865,5344,4521
20160522,02282,372,110,262
20160523,02003,2101,467,1634
20160523,02006,13575,6487,7088
20160523,02282,169,40,129
20160524,02003,2076,431,1645
20160524,02006,12682,6025,6657
20160524,02282,176,51,125
20160525,02003,2169,446,1723
20160525,02006,13540,6365,7175
20160525,02282,195,54,141
20160526,02003,2223,473,1750
20160526,02006,13555,6395,7160
20160526,02282,178,46,132
20160527,02003,2227,487,1740
20160527,02006,14652,7210,7442
20160527,02282,248,75,173
20160528,02003,1752,376,1376
20160528,02006,12243,6155,6088
20160528,02282,460,149,311
20160529,02003,1265,343,922
20160529,02006,10060,5492,4568
20160529,02282,352,99,253
20160530,02003,2085,490,1595
20160530,02006,13661,6564,7097
20160530,02282,169,36,133
20160531,02003,2156,471,1685
20160531,02006,13271,6305,6966
20160531,02282,168,43,125
20160601,02003,2075,454,1621
20160601,02006,13301,6292,7009
20160601,02282,181,46,135
20160602,02003,2076,437,1639
20160602,02006,13436,6443,6993
20160602,02282,198,67,131
20160603,02003,2223,500,1723
20160603,02006,14506,7075,7431
20160603,02282,269,91,178
20160604,02003,1441,353,1088
20160604,02006,11578,5748,5830
20160604,02282,671,255,416
20160605,02003,1268,303,965
20160605,02006,9862,5218,4644
20160605,02282,666,189,477
20160606,02003,1263,386,877
20160606,02006,10543,5851,4692
20160606,02282,458,131,327
20160607,02003,2156,469,1687
20160607,02006,13712,6569,7143
20160607,02282,186,59,127
20160608,02003,2043,436,1607
20160608,02006,13421,6305,7116
20160608,02282,176,35,141
20160609,02003,2016,441,1575
20160609,02006,13412,6272,7140
20160609,02282,161,47,114
20160610,02003,2221,473,1748
20160610,02006,14324,6940,7384
20160610,02282,256,74,182
20160611,02003,1606,349,1257
20160611,02006,10813,5269,5544
20160611,02282,305,103,202
20160612,02003,1057,327,730
20160612,02006,8845,4765,4080
20160612,02282,295,96,199
20160613,02003,2028,458,1570
20160613,02006,13263,6180,7083
20160613,02282,215,41,174
20160614,02003,2055,438,1617
20160614,02006,13305,6381,6924
20160614,02282,122,36,86
20160615,02003,1941,439,1502
20160615,02006,12273,5829,6444
20160615,02282,110,38,72
20160616,02003,2048,453,1595
20160616,02006,13348,6490,6858
20160616,02282,190,49,141
20160617,02003,2229,546,1683
20160617,02006,14376,7001,7375
20160617,02282,213,54,159
20160618,02003,1474,354,1120
20160618,02006,11560,5736,5824
20160618,02282,510,138,372
20160619,02003,1356,324,1032
20160619,02006,9721,5243,4478
20160619,02282,348,79,269
20160620,02003,1932,456,1476
20160620,02006,13080,6293,6787
20160620,02282,246,90,156
20160621,02003,1979,498,1481
20160621,02006,12935,6230,6705
20160621,02282,169,47,122
20160622,02003,1698,420,1278
20160622,02006,12819,6154,6665
20160622,02282,144,49,95
20160623,02003,1931,525,1406
20160623,02006,13177,6454,6723
20160623,02282,257,76,181
20160624,02003,1885,540,1345
20160624,02006,14063,7101,6962
20160624,02282,195,58,137
20160625,02003,1620,420,1200
20160625,02006,12216,6257,5959
20160625,02282,602,209,393
20160626,02003,1207,341,866
20160626,02006,10194,5611,4583
20160626,02282,463,134,329
20160627,02003,1704,434,1270
20160627,02006,12845,6308,6537
20160627,02282,249,54,195
20160628,02003,1801,457,1344
20160628,02006,13115,6398,6717
20160628,02282,268,67,201
20160629,02003,1859,464,1395
20160629,02006,12831,6241,6590
20160629,02282,245,58,187
20160630,02003,1803,426,1377
20160630,02006,12702,6133,6569
20160630,02282,170,45,125
20160701,02003,1640,404,1236
20160701,02006,12079,5831,6248
20160701,02282,103,30,73
20160702,02003,1296,315,981
20160702,02006,10450,5303,5147
20160702,02282,413,108,305
20160703,02003,1154,369,785
20160703,02006,9319,5090,4229
20160703,02282,381,95,286
20160704,02003,1434,376,1058
20160704,02006,11470,5509,5961
20160704,02282,97,27,70
20160705,02003,1391,365,1026
20160705,02006,10903,5300,5603
20160705,02282,87,17,70
20160706,02003,1580,406,1174
20160706,02006,12221,5846,6375
20160706,02282,203,45,158
20160707,02003,1804,492,1312
20160707,02006,12542,6199,6343
20160707,02282,244,42,202
20160708,02003,1917,513,1404
20160708,02006,13737,6734,7003
20160708,02282,238,47,191
20160709,02003,1465,364,1101
20160709,02006,10616,5412,5204
20160709,02282,364,94,270
20160710,02003,1054,318,736
20160710,02006,9041,4770,4271
20160710,02282,323,70,253
20160711,02003,1596,459,1137
20160711,02006,12486,6099,6387
20160711,02282,163,43,120
20160712,02003,1660,460,1200
20160712,02006,12430,5986,6444
20160712,02282,177,31,146
20160713,02003,1655,449,1206
20160713,02006,12818,6325,6493
20160713,02282,157,33,124
20160714,02003,1642,467,1175
20160714,02006,12710,6188,6522
20160714,02282,218,46,172
20160715,02003,1842,495,1347
20160715,02006,13625,6655,6970
20160715,02282,172,49,123
20160716,02003,1242,323,919
20160716,02006,9189,4628,4561
20160716,02282,145,38,107
20160717,02003,1183,335,848
20160717,02006,9261,5054,4207
20160717,02282,356,90,266
20160718,02003,1633,484,1149
20160718,02006,12553,6132,6421
20160718,02282,217,45,172
20160719,02003,1725,459,1266
20160719,02006,12858,6325,6533
20160719,02282,246,98,148
20160720,02003,1635,455,1180
20160720,02006,12562,6089,6473
20160720,02282,208,51,157
20160721,02003,1720,459,1261
20160721,02006,12695,6286,6409
20160721,02282,192,27,165
20160722,02003,1709,504,1205
20160722,02006,13591,6640,6951
20160722,02282,199,53,146
20160723,02003,1382,344,1038
20160723,02006,10530,5371,5159
20160723,02282,289,70,219
20160724,02003,991,294,697
20160724,02006,8630,4702,3928
20160724,02282,273,63,210
20160725,02003,1592,462,1130
20160725,02006,12697,6190,6507
20160725,02282,231,66,165
20160726,02003,1658,449,1209
20160726,02006,12433,6076,6357
20160726,02282,208,59,149
20160727,02003,1724,450,1274
20160727,02006,12728,6247,6481
20160727,02282,161,43,118
20160728,02003,1651,429,1222
20160728,02006,12520,6224,6296
20160728,02282,269,80,189
20160729,02003,1715,492,1223
20160729,02006,12832,6419,6413
20160729,02282,175,56,119
20160730,02003,1320,375,945
20160730,02006,10211,5229,4982
20160730,02282,490,154,336
20160731,02003,1032,346,686
20160731,02006,9106,4998,4108
20160731,02282,482,126,356
20160801,02003,1429,417,1012
20160801,02006,12044,6194,5850
20160801,02282,604,195,409
20160802,02003,1522,433,1089
20160802,02006,12171,6084,6087
20160802,02282,299,84,215
20160803,02003,1579,441,1138
20160803,02006,12399,6214,6185
20160803,02282,360,98,262
20160804,02003,1489,427,1062
20160804,02006,12090,5932,6158
20160804,02282,306,84,222
20160805,02003,1638,444,1194
20160805,02006,12671,6252,6419
20160805,02282,252,69,183
20160806,02003,1184,316,868
20160806,02006,9742,4932,4810
20160806,02282,352,80,272
20160807,02003,1000,285,715
20160807,02006,8450,4675,3775
20160807,02282,316,80,236
20160808,02003,1513,425,1088
20160808,02006,11685,5822,5863
20160808,02282,183,38,145
20160809,02003,1585,433,1152
20160809,02006,12189,5905,6284
20160809,02282,158,62,96
20160810,02003,1524,428,1096
20160810,02006,11998,5951,6047
20160810,02282,197,39,158
20160811,02003,1633,445,1188
20160811,02006,11865,5802,6063
20160811,02282,232,51,181
20160812,02003,1603,415,1188
20160812,02006,13001,6376,6625
20160812,02282,262,77,185
20160813,02003,1247,331,916
20160813,02006,10019,5062,4957
20160813,02282,378,92,286
20160814,02003,930,243,687
20160814,02006,7983,4325,3658
20160814,02282,499,120,379
20160815,02003,1005,322,683
20160815,02006,9208,5193,4015
20160815,02282,380,106,274
20160816,02003,1625,457,1168
20160816,02006,12697,6418,6279
20160816,02282,245,55,190
20160817,02003,1668,414,1254
20160817,02006,13108,6426,6682
20160817,02282,184,34,150
20160818,02003,1684,437,1247
20160818,02006,12961,6318,6643
20160818,02282,250,58,192
20160819,02003,1756,458,1298
20160819,02006,13390,6634,6756
20160819,02282,199,40,159
20160820,02003,1311,320,991
20160820,02006,10355,5296,5059
20160820,02282,389,112,277
20160821,02003,1132,326,806
20160821,02006,8991,4927,4064
20160821,02282,337,94,243
20160822,02003,1562,448,1114
20160822,02006,12551,6133,6418
20160822,02282,127,24,103
20160823,02003,1595,438,1157
20160823,02006,12303,5877,6426
20160823,02282,164,37,127
20160824,02003,1691,421,1270
20160824,02006,12548,6044,6504
20160824,02282,222,40,182
20160825,02003,1613,427,1186
20160825,02006,12455,6075,6380
20160825,02282,157,46,111
20160826,02003,1836,509,1327
20160826,02006,13797,6797,7000
20160826,02282,335,87,248
20160827,02003,1490,397,1093
20160827,02006,11172,5770,5402
20160827,02282,630,152,478
20160828,02003,1005,290,715
20160828,02006,9416,5118,4298
20160828,02282,430,103,327
20160829,02003,1839,459,1380
20160829,02006,13280,6535,6745
20160829,02282,216,36,180
20160830,02003,1877,412,1465
20160830,02006,12972,6318,6654
20160830,02282,152,27,125
20160831,02003,1744,433,1311
20160831,02006,11999,5915,6084
20160831,02282,76,30,46
20160901,02003,2122,489,1633
20160901,02006,13602,6596,7006
20160901,02282,139,40,99
20160902,02003,2163,502,1661
20160902,02006,14127,6755,7372
20160902,02282,188,46,142
20160903,02003,1485,374,1111
20160903,02006,11789,6001,5788
20160903,02282,594,162,432
20160904,02003,1313,393,920
20160904,02006,10017,5478,4539
20160904,02282,413,102,311
20160905,02003,2106,467,1639
20160905,02006,13727,6510,7217
20160905,02282,131,28,103
20160906,02003,2241,499,1742
20160906,02006,13726,6574,7152
20160906,02282,102,18,84
20160907,02003,2226,434,1792
20160907,02006,13603,6549,7054
20160907,02282,123,33,90
20160908,02003,2134,476,1658
20160908,02006,13493,6456,7037
20160908,02282,87,22,65
20160909,02003,2224,534,1690
20160909,02006,14436,7032,7404
20160909,02282,193,48,145
20160910,02003,1545,427,1118
20160910,02006,11312,5818,5494
20160910,02282,474,100,374
20160911,02003,1074,328,746
20160911,02006,8925,4760,4165
20160911,02282,346,82,264
20160912,02003,2157,471,1686
20160912,02006,13471,6386,7085
20160912,02282,121,26,95
20160913,02003,2387,492,1895
20160913,02006,14495,6882,7613
20160913,02282,212,56,156
20160914,02003,930,171,759
20160914,02006,8262,3905,4357
20160914,02282,606,143,463
20160915,02003,738,197,541
20160915,02006,8252,4725,3527
20160915,02282,1053,353,700
20160916,02003,963,338,625
20160916,02006,9019,5271,3748
20160916,02282,1158,421,737
20160917,02003,1065,387,678
20160917,02006,9398,5582,3816
20160917,02282,813,251,562
20160918,02003,1187,410,777
20160918,02006,9966,5857,4109
20160918,02282,463,143,320
20160919,02003,1985,465,1520
20160919,02006,13524,6754,6770
20160919,02282,135,34,101
20160920,02003,2019,463,1556
20160920,02006,13553,6464,7089
20160920,02282,173,31,142
20160921,02003,2061,465,1596
20160921,02006,13349,6290,7059
20160921,02282,144,33,111
20160922,02003,2228,504,1724
20160922,02006,13568,6628,6940
20160922,02282,155,37,118
20160923,02003,2263,507,1756
20160923,02006,14393,6891,7502
20160923,02282,215,52,163
20160924,02003,1511,389,1122
20160924,02006,12057,6041,6016
20160924,02282,544,153,391
20160925,02003,1277,331,946
20160925,02006,10252,5375,4877
20160925,02282,456,113,343
20160926,02003,2077,503,1574
20160926,02006,13299,6284,7015
20160926,02282,126,48,78
20160927,02003,2015,452,1563
20160927,02006,12720,6037,6683
20160927,02282,105,43,62
20160928,02003,2106,436,1670
20160928,02006,13520,6436,7084
20160928,02282,129,49,80
20160929,02003,2102,495,1607
20160929,02006,13570,6571,6999
20160929,02282,183,28,155
20160930,02003,2146,480,1666
20160930,02006,14403,6996,7407
20160930,02282,226,38,188
20161001,02003,1582,362,1220
20161001,02006,12043,5917,6126
20161001,02282,685,230,455
20161002,02003,992,279,713
20161002,02006,7726,4108,3618
20161002,02282,251,88,163
20161003,02003,1243,386,857
20161003,02006,10006,5430,4576
20161003,02282,717,185,532
20161004,02003,2104,473,1631
20161004,02006,13722,6572,7150
20161004,02282,270,82,188
20161005,02003,2042,426,1616
20161005,02006,13114,6079,7035
20161005,02282,193,48,145
20161006,02003,2089,482,1607
20161006,02006,13395,6260,7135
20161006,02282,257,62,195
20161007,02003,2142,480,1662
20161007,02006,14170,6913,7257
20161007,02282,191,76,115
20161008,02003,1427,431,996
20161008,02006,12152,6441,5711
20161008,02282,716,188,528
20161009,02003,1079,277,802
20161009,02006,9778,5241,4537
20161009,02282,527,114,413
20161010,02003,2067,477,1590
20161010,02006,13335,6442,6893
20161010,02282,192,49,143
20161011,02003,2066,452,1614
20161011,02006,13177,6162,7015
20161011,02282,172,41,131
20161012,02003,2180,471,1709
20161012,02006,13093,6187,6906
20161012,02282,164,29,135
20161013,02003,2191,439,1752
20161013,02006,13751,6413,7338
20161013,02282,172,45,127
20161014,02003,2247,500,1747
20161014,02006,14489,7055,7434
20161014,02282,187,43,144
20161015,02003,1657,418,1239
20161015,02006,11673,6097,5576
20161015,02282,661,191,470
20161016,02003,1176,336,840
20161016,02006,9245,5026,4219
20161016,02282,233,58,175
20161017,02003,2172,475,1697
20161017,02006,13464,6256,7208
20161017,02282,176,55,121
20161018,02003,2054,502,1552
20161018,02006,13366,6327,7039
20161018,02282,139,49,90
20161019,02003,2175,497,1678
20161019,02006,13400,6333,7067
20161019,02282,203,43,160
20161020,02003,2142,475,1667
20161020,02006,13476,6419,7057
20161020,02282,165,41,124
20161021,02003,2209,520,1689
20161021,02006,14145,6892,7253
20161021,02282,262,85,177
20161022,02003,1645,408,1237
20161022,02006,11698,5949,5749
20161022,02282,721,203,518
20161023,02003,1111,338,773
20161023,02006,8993,4820,4173
20161023,02282,315,81,234
20161024,02003,1969,436,1533
20161024,02006,13028,6215,6813
20161024,02282,187,57,130
20161025,02003,1954,445,1509
20161025,02006,12244,5785,6459
20161025,02282,156,54,102
20161026,02003,2095,451,1644
20161026,02006,13259,6206,7053
20161026,02282,191,54,137
20161027,02003,2211,508,1703
20161027,02006,13649,6566,7083
20161027,02282,233,61,172
20161028,02003,2235,506,1729
20161028,02006,14255,6961,7294
20161028,02282,238,70,168
20161029,02003,1607,360,1247
20161029,02006,11398,5803,5595
20161029,02282,674,206,468
20161030,02003,1245,404,841
20161030,02006,9947,5412,4535
20161030,02282,560,144,416
20161031,02003,1936,429,1507
20161031,02006,12687,6029,6658
20161031,02282,115,31,84
20161101,02003,2030,458,1572
20161101,02006,12561,5991,6570
20161101,02282,114,27,87
20161102,02003,2094,481,1613
20161102,02006,12746,6037,6709
20161102,02282,151,39,112
20161103,02003,2093,455,1638
20161103,02006,13120,6182,6938
20161103,02282,238,50,188
20161104,02003,2225,524,1701
20161104,02006,13901,6708,7193
20161104,02282,242,46,196
20161105,02003,1245,350,895
20161105,02006,10660,5413,5247
20161105,02282,604,195,409
20161106,02003,1144,353,791
20161106,02006,9809,5429,4380
20161106,02282,568,181,387
20161107,02003,1972,420,1552
20161107,02006,12666,6054,6612
20161107,02282,144,27,117
20161108,02003,2028,438,1590
20161108,02006,12646,5915,6731
20161108,02282,197,64,133
20161109,02003,2016,436,1580
20161109,02006,12817,6115,6702
20161109,02282,169,47,122
20161110,02003,2016,457,1559
20161110,02006,13147,6086,7061
20161110,02282,108,24,84
20161111,02003,2262,535,1727
20161111,02006,13808,6722,7086
20161111,02282,272,70,202
20161112,02003,730,245,485
20161112,02006,6954,3176,3778
20161112,02282,660,217,443
20161113,02003,1191,347,844
20161113,02006,9392,5026,4366
20161113,02282,535,175,360
20161114,02003,1931,437,1494
20161114,02006,12899,6165,6734
20161114,02282,163,26,137
20161115,02003,1998,454,1544
20161115,02006,12831,6137,6694
20161115,02282,193,51,142
20161116,02003,2031,452,1579
20161116,02006,13055,6237,6818
20161116,02282,179,40,139
20161117,02003,2072,461,1611
20161117,02006,13033,6288,6745
20161117,02282,195,50,145
20161118,02003,2102,467,1635
20161118,02006,13919,6711,7208
20161118,02282,245,70,175
20161119,02003,730,234,496
20161119,02006,9523,4698,4825
20161119,02282,546,150,396
20161120,02003,1207,344,863
20161120,02006,9491,5197,4294
20161120,02282,456,139,317
20161121,02003,2057,472,1585
20161121,02006,12759,6066,6693
20161121,02282,182,39,143
20161122,02003,1922,432,1490
20161122,02006,12727,6100,6627
20161122,02282,155,32,123
20161123,02003,2059,428,1631
20161123,02006,12547,6002,6545
20161123,02282,125,19,106
20161124,02003,2051,440,1611
20161124,02006,12738,6106,6632
20161124,02282,138,25,113
20161125,02003,1775,409,1366
20161125,02006,13741,6618,7123
20161125,02282,238,53,185
20161126,02003,735,194,541
20161126,02006,8450,4130,4320
20161126,02282,227,80,147
20161127,02003,1099,340,759
20161127,02006,9241,5080,4161
20161127,02282,281,93,188
20161128,02003,1984,437,1547
20161128,02006,12533,5977,6556
20161128,02282,151,37,114
20161129,02003,2022,411,1611
20161129,02006,12379,5876,6503
20161129,02282,201,51,150
20161130,02003,1555,294,1261
20161130,02006,12690,5855,6835
20161130,02282,101,27,74
20161201,02003,2005,424,1581
20161201,02006,12513,5899,6614
20161201,02282,144,19,125
20161202,02003,1944,449,1495
20161202,02006,13367,6367,7000
20161202,02282,175,42,133
20161203,02003,842,250,592
20161203,02006,10004,5126,4878
20161203,02282,447,125,322
20161204,02003,1177,306,871
20161204,02006,8778,4771,4007
20161204,02282,279,84,195
20161205,02003,1955,444,1511
20161205,02006,12297,5702,6595
20161205,02282,147,40,107
20161206,02003,1876,395,1481
20161206,02006,12308,5826,6482
20161206,02282,139,46,93
20161207,02003,1894,424,1470
20161207,02006,12547,5781,6766
20161207,02282,138,20,118
20161208,02003,1992,424,1568
20161208,02006,12301,5862,6439
20161208,02282,118,31,87
20161209,02003,2021,483,1538
20161209,02006,12942,6281,6661
20161209,02282,215,39,176
20161210,02003,951,182,769
20161210,02006,9355,4653,4702
20161210,02282,412,124,288
20161211,02003,975,256,719
20161211,02006,8297,4513,3784
20161211,02282,343,81,262
20161212,02003,1864,396,1468
20161212,02006,12425,5945,6480
20161212,02282,175,35,140
20161213,02003,1942,455,1487
20161213,02006,12553,5872,6681
20161213,02282,137,33,104
20161214,02003,1763,382,1381
20161214,02006,11973,5647,6326
20161214,02282,145,27,118
20161215,02003,1877,405,1472
20161215,02006,12146,5787,6359
20161215,02282,179,32,147
20161216,02003,1946,445,1501
20161216,02006,12838,6139,6699
20161216,02282,211,49,162
20161217,02003,762,200,562
20161217,02006,10582,5397,5185
20161217,02282,476,126,350
20161218,02003,1200,294,906
20161218,02006,8836,4801,4035
20161218,02282,334,120,214
20161219,02003,1838,422,1416
20161219,02006,12066,5879,6187
20161219,02282,178,33,145
20161220,02003,1750,405,1345
20161220,02006,12357,6071,6286
20161220,02282,330,111,219
20161221,02003,1726,420,1306
20161221,02006,11984,5733,6251
20161221,02282,177,43,134
20161222,02003,1589,395,1194
20161222,02006,11489,5634,5855
20161222,02282,101,31,70
20161223,02003,1724,429,1295
20161223,02006,12800,6255,6545
20161223,02282,241,76,165
20161224,02003,931,252,679
20161224,02006,9717,4723,4994
20161224,02282,789,219,570
20161225,02003,1093,285,808
20161225,02006,8579,4716,3863
20161225,02282,781,220,561
20161226,02003,1472,414,1058
20161226,02006,11722,5801,5921
20161226,02282,247,47,200
20161227,02003,1560,404,1156
20161227,02006,11878,5783,6095
20161227,02282,192,53,139
20161228,02003,1620,418,1202
20161228,02006,11894,5743,6151
20161228,02282,181,37,144
20161229,02003,1556,387,1169
20161229,02006,11915,5938,5977
20161229,02282,262,59,203
20161230,02003,1708,416,1292
20161230,02006,12038,5911,6127
20161230,02282,332,99,233
20161231,02003,655,163,492
20161231,02006,8952,4191,4761
20161231,02282,729,223,506
20170101,02003,890,298,592
20170101,02006,7791,4508,3283
20170101,02282,884,197,687
20170102,02003,1467,440,1027
20170102,02006,11379,5808,5571
20170102,02282,185,39,146
20170103,02003,1431,397,1034
20170103,02006,11377,5634,5743
20170103,02282,175,36,139
20170104,02003,1535,405,1130
20170104,02006,11637,5733,5904
20170104,02282,236,62,174
20170105,02003,1577,451,1126
20170105,02006,11727,5788,5939
20170105,02282,166,34,132
20170106,02003,1761,466,1295
20170106,02006,12832,6370,6462
20170106,02282,285,70,215
20170107,02003,971,240,731
20170107,02006,10566,5465,5101
20170107,02282,528,131,397
20170108,02003,983,271,712
20170108,02006,8344,4595,3749
20170108,02282,391,104,287
20170109,02003,1537,381,1156
20170109,02006,11886,5820,6066
20170109,02282,169,31,138
20170110,02003,1692,417,1275
20170110,02006,11634,5576,6058
20170110,02282,177,40,137
20170111,02003,1533,410,1123
20170111,02006,11112,5529,5583
20170111,02282,189,44,145
20170112,02003,1506,420,1086
20170112,02006,11952,5905,6047
20170112,02282,200,53,147
20170113,02003,1592,442,1150
20170113,02006,12191,6067,6124
20170113,02282,513,40,473
20170114,02003,919,219,700
20170114,02006,9155,4447,4708
20170114,02282,589,91,498
20170115,02003,925,271,654
20170115,02006,7630,4271,3359
20170115,02282,454,80,374
20170116,02003,1455,421,1034
20170116,02006,11205,5536,5669
20170116,02282,595,65,530
20170117,02003,1541,418,1123
20170117,02006,11603,5687,5916
20170117,02282,623,67,556
20170118,02003,1575,413,1162
20170118,02006,11649,5799,5850
20170118,02282,603,60,543
20170119,02003,1536,423,1113
20170119,02006,11866,5980,5886
20170119,02282,675,86,589
20170120,02003,1682,408,1274
20170120,02006,12727,6284,6443
20170120,02282,695,101,594
20170121,02003,885,219,666
20170121,02006,9228,4625,4603
20170121,02282,803,153,650
20170122,02003,872,227,645
20170122,02006,7547,4042,3505
20170122,02282,506,88,418
20170123,02003,1453,378,1075
20170123,02006,11341,5483,5858
20170123,02282,600,71,529
20170124,02003,1466,383,1083
20170124,02006,11355,5495,5860
20170124,02282,652,66,586
20170125,02003,1690,438,1252
20170125,02006,12013,5736,6277
20170125,02282,693,109,584
20170126,02003,1581,396,1185
20170126,02006,11730,5614,6116
20170126,02282,752,113,639
20170127,02003,798,163,635
20170127,02006,6983,3352,3631
20170127,02282,680,110,570
20170128,02003,708,216,492
20170128,02006,7403,4348,3055
20170128,02282,1056,297,759
20170129,02003,624,247,377
20170129,02006,7148,4420,2728
20170129,02282,527,118,409
20170130,02003,832,305,527
20170130,02006,8238,5018,3220
20170130,02282,667,117,550
20170131,02003,1352,402,950
20170131,02006,11324,5901,5423
20170131,02282,678,78,600
20170201,02003,1453,408,1045
20170201,02006,11446,5714,5732
20170201,02282,713,88,625
20170202,02003,1443,401,1042
20170202,02006,11304,5559,5745
20170202,02282,868,130,738
20170203,02003,1626,438,1188
20170203,02006,12601,6345,6256
20170203,02282,919,162,757
20170204,02003,995,282,713
20170204,02006,10099,5031,5068
20170204,02282,1038,174,864
20170205,02003,844,252,592
20170205,02006,7595,4162,3433
20170205,02282,595,101,494
20170206,02003,1465,403,1062
20170206,02006,11439,5666,5773
20170206,02282,826,115,711
20170207,02003,1480,393,1087
20170207,02006,11896,5866,6030
20170207,02282,905,121,784
20170208,02003,1451,398,1053
20170208,02006,11496,5795,5701
20170208,02282,842,121,721
20170209,02003,1402,383,1019
20170209,02006,11220,5586,5634
20170209,02282,751,85,666
20170210,02003,1569,414,1155
20170210,02006,12001,6009,5992
20170210,02282,802,98,704
20170211,02003,775,194,581
20170211,02006,8074,4056,4018
20170211,02282,1048,223,825
20170212,02003,960,238,722
20170212,02006,8178,4447,3731
20170212,02282,823,164,659
20170213,02003,1425,406,1019
20170213,02006,11856,5908,5948
20170213,02282,870,105,765
20170214,02003,1598,424,1174
20170214,02006,12066,6019,6047
20170214,02282,1029,118,911
20170215,02003,1588,454,1134
20170215,02006,12235,6113,6122
20170215,02282,906,136,770
20170216,02003,1705,464,1241
20170216,02006,12340,6180,6160
20170216,02282,941,148,793
20170217,02003,1667,437,1230
20170217,02006,13087,6595,6492
20170217,02282,1042,149,893
20170218,02003,968,226,742
20170218,02006,8588,4272,4316
20170218,02282,1209,210,999
20170219,02003,930,234,696
20170219,02006,8219,4605,3614
20170219,02282,734,159,575
20170220,02003,1467,398,1069
20170220,02006,11894,5868,6026
20170220,02282,814,103,711
20170221,02003,1591,467,1124
20170221,02006,11892,5939,5953
20170221,02282,957,127,830
20170222,02003,1539,409,1130
20170222,02006,11538,5774,5764
20170222,02282,815,102,713
20170223,02003,1642,429,1213
20170223,02006,12094,6107,5987
20170223,02282,948,127,821
20170224,02003,1775,455,1320
20170224,02006,12957,6650,6307
20170224,02282,1105,170,935
20170225,02003,807,185,622
20170225,02006,7748,3719,4029
20170225,02282,962,255,707
20170226,02003,1067,281,786
20170226,02006,8962,4954,4008
20170226,02282,1079,203,876
20170227,02003,1729,446,1283
20170227,02006,12417,6204,6213
20170227,02282,1029,157,872
20170228,02003,1730,435,1295
20170228,02006,12810,6387,6423
20170228,02282,1062,156,906
20170301,02003,654,157,497
20170301,02006,7266,3709,3557
20170301,02282,834,147,687
20170302,02003,2097,438,1659
20170302,02006,12288,5927,6361
20170302,02282,824,128,696
20170303,02003,2106,451,1655
20170303,02006,13247,6567,6680
20170303,02282,869,141,728
20170304,02003,1099,245,854
20170304,02006,9297,4533,4764
20170304,02282,1491,243,1248
20170305,02003,1144,334,810
20170305,02006,9033,4827,4206
20170305,02282,838,132,706
20170306,02003,1944,398,1546
20170306,02006,12327,5819,6508
20170306,02282,791,129,662
20170307,02003,2091,409,1682
20170307,02006,12231,5884,6347
20170307,02282,873,122,751
20170308,02003,2009,391,1618
20170308,02006,12347,5900,6447
20170308,02282,905,140,765
20170309,02003,2075,442,1633
20170309,02006,12361,6092,6269
20170309,02282,822,118,704
20170310,02003,1733,357,1376
20170310,02006,12690,6149,6541
20170310,02282,1053,168,885
20170311,02003,1037,269,768
20170311,02006,9911,5016,4895
20170311,02282,1396,263,1133
20170312,02003,999,308,691
20170312,02006,8857,4887,3970
20170312,02282,869,173,696
20170313,02003,1993,463,1530
20170313,02006,12727,6110,6617
20170313,02282,917,143,774
20170314,02003,2044,440,1604
20170314,02006,12646,6097,6549
20170314,02282,909,144,765
20170315,02003,2053,449,1604
20170315,02006,12602,6098,6504
20170315,02282,912,143,769
20170316,02003,2090,436,1654
20170316,02006,12692,6174,6518
20170316,02282,997,154,843
20170317,02003,2187,497,1690
20170317,02006,13692,6958,6734
20170317,02282,1041,163,878
20170318,02003,1480,321,1159
20170318,02006,11183,5370,5813
20170318,02282,1599,311,1288
20170319,02003,1126,329,797
20170319,02006,9548,5170,4378
20170319,02282,1048,246,802
20170320,02003,1957,400,1557
20170320,02006,12581,6148,6433
20170320,02282,901,136,765
20170321,02003,2062,429,1633
20170321,02006,12838,6099,6739
20170321,02282,1009,165,844
20170322,02003,2065,418,1647
20170322,02006,12694,6078,6616
20170322,02282,908,144,764
20170323,02003,2156,465,1691
20170323,02006,12909,6247,6662
20170323,02282,1026,192,834
20170324,02003,2212,482,1730
20170324,02006,13700,6744,6956
20170324,02282,1042,172,870
20170325,02003,1131,264,867
20170325,02006,9285,4621,4664
20170325,02282,1113,224,889
20170326,02003,1016,261,755
20170326,02006,9060,4939,4121
20170326,02282,868,178,690
20170327,02003,2035,422,1613
20170327,02006,12198,6000,6198
20170327,02282,841,125,716
20170328,02003,2109,437,1672
20170328,02006,12694,6019,6675
20170328,02282,1091,177,914
20170329,02003,2049,428,1621
20170329,02006,12833,6125,6708
20170329,02282,1033,211,822
20170330,02003,2055,443,1612
20170330,02006,12712,6126,6586
20170330,02282,949,145,804
20170331,02003,2039,442,1597
20170331,02006,13194,6520,6674
20170331,02282,928,143,785
20170401,02003,1081,245,836
20170401,02006,8289,4408,3881
20170401,02282,1332,282,1050
20170402,02003,1162,350,812
20170402,02006,9609,5279,4330
20170402,02282,1075,216,859
20170403,02003,2036,440,1596
20170403,02006,12599,6042,6557
20170403,02282,1083,195,888
20170404,02003,2058,423,1635
20170404,02006,12969,6276,6693
20170404,02282,1078,165,913
20170405,02003,1887,401,1486
20170405,02006,11610,5698,5912
20170405,02282,774,96,678
20170406,02003,2055,456,1599
20170406,02006,12484,6084,6400
20170406,02282,951,149,802
20170407,02003,2094,453,1641
20170407,02006,13853,6869,6984
20170407,02282,1169,212,957
20170408,02003,1283,312,971
20170408,02006,10749,5480,5269
20170408,02282,1764,377,1387
20170409,02003,1174,329,845
20170409,02006,9734,5370,4364
20170409,02282,1276,326,950
20170410,02003,1982,466,1516
20170410,02006,12940,6300,6640
20170410,02282,1257,253,1004
20170411,02003,2075,449,1626
20170411,02006,12976,6164,6812
20170411,02282,1176,237,939
20170412,02003,2089,455,1634
20170412,02006,12777,6093,6684
20170412,02282,1140,206,934
20170413,02003,2105,469,1636
20170413,02006,13006,6275,6731
20170413,02282,1151,213,938
20170414,02003,1956,429,1527
20170414,02006,13025,6449,6576
20170414,02282,1072,156,916
20170415,02003,1464,386,1078
20170415,02006,10403,5275,5128
20170415,02282,1992,621,1371
20170416,02003,1227,300,927
20170416,02006,9576,5218,4358
20170416,02282,1581,461,1120
20170417,02003,2012,400,1612
20170417,02006,12016,5808,6208
20170417,02282,885,151,734
20170418,02003,1984,379,1605
20170418,02006,12272,5908,6364
20170418,02282,908,132,776
20170419,02003,2075,440,1635
20170419,02006,12719,6201,6518
20170419,02282,1068,202,866
20170420,02003,2141,429,1712
20170420,02006,12592,6144,6448
20170420,02282,936,172,764
20170421,02003,2155,490,1665
20170421,02006,13470,6737,6733
20170421,02282,1228,216,1012
20170422,02003,1501,357,1144
20170422,02006,11043,5716,5327
20170422,02282,1641,332,1309
20170423,02003,1074,329,745
20170423,02006,9221,5066,4155
20170423,02282,1221,231,990
20170424,02003,2047,454,1593
20170424,02006,12757,6250,6507
20170424,02282,1240,226,1014
20170425,02003,2003,435,1568
20170425,02006,12656,6066,6590
20170425,02282,1026,163,863
20170426,02003,2046,421,1625
20170426,02006,13236,6336,6900
20170426,02282,996,154,842
20170427,02003,2071,455,1616
20170427,02006,13280,6465,6815
20170427,02282,1000,185,815
20170428,02003,2129,473,1656
20170428,02006,13869,6910,6959
20170428,02282,1285,266,1019
20170429,02003,1578,344,1234
20170429,02006,10626,5508,5118
20170429,02282,1611,300,1311
20170430,02003,1146,287,859
20170430,02006,9783,5117,4666
20170430,02282,1265,239,1026
20170501,02003,1713,358,1355
20170501,02006,10765,5452,5313
20170501,02282,1261,250,1011
20170502,02003,2195,442,1753
20170502,02006,13118,6423,6695
20170502,02282,1094,179,915
20170503,02003,1378,376,1002
20170503,02006,10433,5454,4979
20170503,02282,1647,302,1345
20170504,02003,2060,431,1629
20170504,02006,13054,6518,6536
20170504,02282,1466,299,1167
20170505,02003,1233,332,901
20170505,02006,9788,5149,4639
20170505,02282,1759,391,1368
20170506,02003,1081,282,799
20170506,02006,9637,5394,4243
20170506,02282,1333,276,1057
20170507,02003,1143,327,816
20170507,02006,9852,5794,4058
20170507,02282,883,147,736
20170508,02003,1958,397,1561
20170508,02006,13008,6469,6539
20170508,02282,955,187,768
20170509,02003,1032,303,729
20170509,02006,8137,4209,3928
20170509,02282,773,148,625
20170510,02003,2047,441,1606
20170510,02006,12842,6155,6687
20170510,02282,944,151,793
20170511,02003,1972,427,1545
20170511,02006,13215,6427,6788
20170511,02282,1093,156,937
20170512,02003,2140,479,1661
20170512,02006,13953,6894,7059
20170512,02282,1090,202,888
20170513,02003,1513,320,1193
20170513,02006,10331,5313,5018
20170513,02282,1065,146,919
20170514,02003,1132,272,860
20170514,02006,9466,5183,4283
20170514,02282,1208,260,948
20170515,02003,2008,413,1595
20170515,02006,13077,6304,6773
20170515,02282,1011,171,840
20170516,02003,2140,441,1699
20170516,02006,13405,6597,6808
20170516,02282,1109,205,904
20170517,02003,1847,460,1387
20170517,02006,13163,6451,6712
20170517,02282,1109,179,930
20170518,02003,2145,418,1727
20170518,02006,13345,6488,6857
20170518,02282,1237,285,952
20170519,02003,2198,500,1698
20170519,02006,14177,6937,7240
20170519,02282,1184,204,980
20170520,02003,2133,545,1588
20170520,02006,14416,7401,7015
20170520,02282,2085,396,1689
20170521,02003,1440,402,1038
20170521,02006,11593,6289,5304
20170521,02282,1624,307,1317
20170522,02003,2071,440,1631
20170522,02006,13428,6540,6888
20170522,02282,1185,220,965
20170523,02003,1992,388,1604
20170523,02006,12990,6271,6719
20170523,02282,999,163,836
20170524,02003,2231,485,1746
20170524,02006,13523,6397,7126
20170524,02282,1090,197,893
20170525,02003,2139,487,1652
20170525,02006,13367,6606,6761
20170525,02282,1226,253,973
20170526,02003,2340,505,1835
20170526,02006,14771,7395,7376
20170526,02282,1449,272,1177
20170527,02003,1831,401,1430
20170527,02006,13414,6819,6595
20170527,02282,1922,376,1546
20170528,02003,1282,373,909
20170528,02006,10508,5634,4874
20170528,02282,1355,280,1075
20170529,02003,2123,476,1647
20170529,02006,13147,6415,6732
20170529,02282,1151,219,932
20170530,02003,2078,427,1651
20170530,02006,13427,6419,7008
20170530,02282,1122,209,913
20170531,02003,2129,419,1710
20170531,02006,13231,6444,6787
20170531,02282,1088,195,893
20170601,02003,2146,450,1696
20170601,02006,13051,6435,6616
20170601,02282,1101,205,896
20170602,02003,2213,448,1765
20170602,02006,14439,7216,7223
20170602,02282,1211,215,996
20170603,02003,1626,383,1243
20170603,02006,12058,6127,5931
20170603,02282,1726,317,1409
20170604,02003,1255,348,907
20170604,02006,10272,5541,4731
20170604,02282,1435,288,1147
20170605,02003,2048,406,1642
20170605,02006,13238,6532,6706
20170605,02282,1239,200,1039
20170606,02003,1227,326,901
20170606,02006,9172,4768,4404
20170606,02282,1111,189,922
20170607,02003,1942,397,1545
20170607,02006,12432,6074,6358
20170607,02282,893,128,765
20170608,02003,2025,452,1573
20170608,02006,13324,6476,6848
20170608,02282,1175,223,952
20170609,02003,2121,448,1673
20170609,02006,13989,7037,6952
20170609,02282,1128,229,899
20170610,02003,1470,392,1078
20170610,02006,11905,6072,5833
20170610,02282,1773,319,1454
20170611,02003,1050,291,759
20170611,02006,9621,5137,4484
20170611,02282,1268,218,1050
20170612,02003,1975,422,1553
20170612,02006,13096,6353,6743
20170612,02282,1149,244,905
20170613,02003,2062,440,1622
20170613,02006,13109,6255,6854
20170613,02282,1111,203,908
20170614,02003,2118,444,1674
20170614,02006,13210,6338,6872
20170614,02282,1100,201,899
20170615,02003,2021,444,1577
20170615,02006,13057,6398,6659
20170615,02282,1032,195,837
20170616,02003,2068,476,1592
20170616,02006,14221,7011,7210
20170616,02282,1153,207,946
20170617,02003,1524,349,1175
20170617,02006,11438,5915,5523
20170617,02282,1578,313,1265
20170618,02003,1124,303,821
20170618,02006,9289,5229,4060
20170618,02282,1101,240,861
20170619,02003,1961,425,1536
20170619,02006,12557,6139,6418
20170619,02282,1120,213,907
20170620,02003,1814,379,1435
20170620,02006,13260,6317,6943
20170620,02282,1059,173,886
20170621,02003,1960,408,1552
20170621,02006,13092,6298,6794
20170621,02282,1097,175,922
20170622,02003,1758,427,1331
20170622,02006,13043,6470,6573
20170622,02282,1144,218,926
20170623,02003,1862,467,1395
20170623,02006,13998,7171,6827
20170623,02282,1292,249,1043
20170624,02003,1532,345,1187
20170624,02006,11374,5727,5647
20170624,02282,1495,230,1265
20170625,02003,1020,291,729
20170625,02006,8896,4889,4007
20170625,02282,1013,189,824
20170626,02003,1482,386,1096
20170626,02006,11828,5864,5964
20170626,02282,967,176,791
20170627,02003,1678,415,1263
20170627,02006,12428,6015,6413
20170627,02282,1154,223,931
20170628,02003,1685,411,1274
20170628,02006,12833,6271,6562
20170628,02282,1206,215,991
20170629,02003,1607,441,1166
20170629,02006,12722,6274,6448
20170629,02282,1126,227,899
20170630,02003,1800,426,1374
20170630,02006,13656,6745,6911
20170630,02282,1315,275,1040
20170701,02003,1284,331,953
20170701,02006,10414,5319,5095
20170701,02282,1446,243,1203
20170702,02003,931,277,654
20170702,02006,7839,4389,3450
20170702,02282,752,164,588
20170703,02003,1365,379,986
20170703,02006,11436,5619,5817
20170703,02282,914,165,749
20170704,02003,1584,446,1138
20170704,02006,12154,5996,6158
20170704,02282,1049,172,877
20170705,02003,1558,401,1157
20170705,02006,12250,6084,6166
20170705,02282,1031,198,833
20170706,02003,1575,429,1146
20170706,02006,12020,5916,6104
20170706,02282,1012,188,824
20170707,02003,1670,413,1257
20170707,02006,12903,6498,6405
20170707,02282,1046,202,844
20170708,02003,1081,306,775
20170708,02006,9725,5046,4679
20170708,02282,1138,155,983
20170709,02003,864,250,614
20170709,02006,7717,4297,3420
20170709,02282,821,156,665
20170710,02003,1303,367,936
20170710,02006,10423,5181,5242
20170710,02282,737,132,605
20170711,02003,1617,413,1204
20170711,02006,12390,6047,6343
20170711,02282,1146,212,934
20170712,02003,1618,424,1194
20170712,02006,12472,6026,6446
20170712,02282,1120,207,913
20170713,02003,1663,431,1232
20170713,02006,12591,6250,6341
20170713,02282,1110,209,901
20170714,02003,1026,226,800
20170714,02006,4199,2287,1912
20170714,02282,705,169,536
20170715,02003,1335,289,1046
20170715,02006,9592,4831,4761
20170715,02282,1171,220,951
20170716,02003,1052,289,763
20170716,02006,8860,4910,3950
20170716,02282,885,156,729
20170717,02003,1512,429,1083
20170717,02006,12165,6032,6133
20170717,02282,1079,199,880
20170718,02003,1672,434,1238
20170718,02006,12570,6205,6365
20170718,02282,1179,201,978
20170719,02003,1716,473,1243
20170719,02006,12570,6191,6379
20170719,02282,1112,217,895
20170720,02003,1627,441,1186
20170720,02006,12653,6264,6389
20170720,02282,1121,207,914
20170721,02003,1677,476,1201
20170721,02006,13351,6683,6668
20170721,02282,1193,249,944
20170722,02003,1223,327,896
20170722,02006,9805,5002,4803
20170722,02282,1244,213,1031
20170723,02003,824,239,585
20170723,02006,7285,4138,3147
20170723,02282,702,101,601
20170724,02003,914,211,703
20170724,02006,8358,4841,3517
20170724,02282,820,139,681
20170725,02003,1485,385,1100
20170725,02006,12138,6025,6113
20170725,02282,1117,211,906
20170726,02003,1519,386,1133
20170726,02006,12138,6080,6058
20170726,02282,1135,224,911
20170727,02003,1600,428,1172
20170727,02006,12559,6374,6185
20170727,02282,1445,299,1146
20170728,02003,1641,422,1219
20170728,02006,12812,6415,6397
20170728,02282,1153,198,955
20170729,02003,1227,336,891
20170729,02006,10321,5116,5205
20170729,02282,1448,281,1167
20170730,02003,1024,287,737
20170730,02006,9001,5002,3999
20170730,02282,1206,253,953
20170731,02003,1441,441,1000
20170731,02006,11797,5946,5851
20170731,02282,1177,213,964
20170801,02003,966,219,747
20170801,02006,8841,5081,3760
20170801,02282,1245,235,1010
20170802,02003,1504,460,1044
20170802,02006,12164,6114,6050
20170802,02282,1296,271,1025
20170803,02003,1458,403,1055
20170803,02006,12167,6164,6003
20170803,02282,1326,257,1069
20170804,02003,1583,424,1159
20170804,02006,12657,6454,6203
20170804,02282,1397,294,1103
20170805,02003,1086,304,782
20170805,02006,9428,4860,4568
20170805,02282,1204,261,943
20170806,02003,919,267,652
20170806,02006,8404,4654,3750
20170806,02282,893,169,724
20170807,02003,787,204,583
20170807,02006,3694,2017,1677
20170807,02282,574,169,405
20170808,02003,1574,417,1157
20170808,02006,12081,6075,6006
20170808,02282,1145,235,910
20170809,02003,1582,427,1155
20170809,02006,12344,6254,6090
20170809,02282,1156,237,919
20170810,02003,1481,391,1090
20170810,02006,12006,5995,6011
20170810,02282,1019,191,828
20170811,02003,1648,445,1203
20170811,02006,13178,6632,6546
20170811,02282,1342,274,1068
20170812,02003,1422,342,1080
20170812,02006,10524,5418,5106
20170812,02282,1449,251,1198
20170813,02003,678,155,523
20170813,02006,2656,1613,1043
20170813,02282,1011,263,748
20170814,02003,1412,420,992
20170814,02006,11541,5888,5653
20170814,02282,1238,243,995
20170815,02003,840,231,609
20170815,02006,7314,4090,3224
20170815,02282,716,105,611
20170816,02003,952,232,720
20170816,02006,5326,2714,2612
20170816,02282,710,186,524
20170817,02003,1587,423,1164
20170817,02006,12482,6238,6244
20170817,02282,1236,224,1012
20170818,02003,1753,489,1264
20170818,02006,13597,6770,6827
20170818,02282,1380,269,1111
20170819,02003,1358,332,1026
20170819,02006,11315,5987,5328
20170819,02282,1625,299,1326
20170820,02003,885,246,639
20170820,02006,7847,4421,3426
20170820,02282,693,105,588
20170821,02003,1409,428,981
20170821,02006,12418,6123,6295
20170821,02282,1350,268,1082
20170822,02003,1698,446,1252
20170822,02006,12542,6269,6273
20170822,02282,1210,223,987
20170823,02003,1578,390,1188
20170823,02006,12014,5889,6125
20170823,02282,1194,213,981
20170824,02003,1503,417,1086
20170824,02006,11818,5866,5952
20170824,02282,1125,210,915
20170825,02003,1770,457,1313
20170825,02006,14010,7017,6993
20170825,02282,1497,303,1194
20170826,02003,1477,337,1140
20170826,02006,11254,5802,5452
20170826,02282,1729,410,1319
20170827,02003,740,160,580
20170827,02006,7142,4309,2833
20170827,02282,1000,218,782
20170828,02006,2816,1753,1063
20170828,02282,168,51,117
20170829,02003,1215,264,951
20170829,02006,3059,1942,1117
20170829,02282,341,68,273
20170830,02003,1856,469,1387
20170830,02006,12944,6377,6567
20170830,02282,1315,252,1063
20170831,02003,1755,446,1309
20170831,02006,13430,6509,6921
20170831,02282,1291,253,1038
20170901,02003,1224,239,985
20170901,02006,5931,3051,2880
20170901,02282,820,198,622
20170902,02003,1620,417,1203
20170902,02006,11543,5863,5680
20170902,02282,1844,347,1497
20170903,02003,1250,297,953
20170903,02006,9908,5243,4665
20170903,02282,1293,286,1007
20170904,02003,1891,431,1460
20170904,02006,13079,6331,6748
20170904,02282,1249,236,1013
20170905,02003,2064,462,1602
20170905,02006,13416,6500,6916
20170905,02282,1202,226,976
20170906,02003,1884,424,1460
20170906,02006,12733,6188,6545
20170906,02282,1116,240,876
20170907,02003,1973,449,1524
20170907,02006,13329,6547,6782
20170907,02282,1368,291,1077
20170908,02003,2155,493,1662
20170908,02006,14364,7038,7326
20170908,02282,1342,256,1086
20170909,02003,1483,386,1097
20170909,02006,11758,6047,5711
20170909,02282,1720,361,1359
20170910,02003,1102,284,818
20170910,02006,9653,5244,4409
20170910,02282,1132,229,903
20170911,02003,1856,441,1415
20170911,02006,12632,6176,6456
20170911,02282,1099,180,919
20170912,02003,1916,431,1485
20170912,02006,13081,6341,6740
20170912,02282,1286,257,1029
20170913,02003,2032,457,1575
20170913,02006,13429,6386,7043
20170913,02282,1220,233,987
20170914,02003,2024,451,1573
20170914,02006,13151,6404,6747
20170914,02282,1220,202,1018
20170915,02003,2068,503,1565
20170915,02006,14473,7287,7186
20170915,02282,1480,329,1151
20170916,02003,1588,389,1199
20170916,02006,11937,6228,5709
20170916,02282,1838,361,1477
20170917,02003,1242,362,880
20170917,02006,10109,5551,4558
20170917,02282,1322,271,1051
20170918,02003,1918,459,1459
20170918,02006,12847,6359,6488
20170918,02282,1178,252,926
20170919,02003,1931,418,1513
20170919,02006,12893,6356,6537
20170919,02282,1121,186,935
20170920,02003,1980,466,1514
20170920,02006,13325,6532,6793
20170920,02282,1314,261,1053
20170921,02003,2019,435,1584
20170921,02006,13075,6586,6489
20170921,02282,1275,234,1041
20170922,02003,2179,506,1673
20170922,02006,14395,7327,7068
20170922,02282,1418,261,1157
20170923,02003,1670,418,1252
20170923,02006,12077,6382,5695
20170923,02282,1568,352,1216
20170924,02003,1241,303,938
20170924,02006,10082,5403,4679
20170924,02282,1184,193,991
20170925,02003,1980,476,1504
20170925,02006,13000,6483,6517
20170925,02282,1153,247,906
20170926,02003,1983,443,1540
20170926,02006,13337,6526,6811
20170926,02282,1198,222,976
20170927,02003,1974,450,1524
20170927,02006,13488,6622,6866
20170927,02282,1143,209,934
20170928,02003,1997,469,1528
20170928,02006,14082,6930,7152
20170928,02282,1275,249,1026
20170929,02003,2185,505,1680
20170929,02006,14261,7147,7114
20170929,02282,1292,269,1023
20170930,02003,1480,382,1098
20170930,02006,11406,6033,5373
20170930,02282,1874,358,1516
20171001,02003,1009,240,769
20171001,02006,8228,4103,4125
20171001,02282,1006,184,822
20171002,02003,1080,236,844
20171002,02006,9346,4786,4560
20171002,02282,1658,343,1315
20171003,02003,848,211,637
20171003,02006,7714,3865,3849
20171003,02282,1692,380,1312
20171004,02003,741,211,530
20171004,02006,8505,4961,3544
20171004,02282,2002,728,1274
20171005,02003,995,278,717
20171005,02006,9247,5351,3896
20171005,02282,1947,575,1372
20171006,02003,1039,287,752
20171006,02006,9332,5466,3866
20171006,02282,1907,462,1445
20171007,02003,1308,351,957
20171007,02006,10932,6176,4756
20171007,02282,2096,551,1545
20171008,02003,1100,321,779
20171008,02006,10742,6076,4666
20171008,02282,1718,435,1283
20171009,02003,1117,342,775
20171009,02006,9782,5555,4227
20171009,02282,1349,268,1081
20171010,02003,1732,390,1342
20171010,02006,12398,6193,6205
20171010,02282,973,190,783
20171011,02003,1774,407,1367
20171011,02006,12092,6049,6043
20171011,02282,1005,183,822
20171012,02003,1947,440,1507
20171012,02006,12509,6195,6314
20171012,02282,1038,162,876
20171013,02003,2001,514,1487
20171013,02006,13870,7023,6847
20171013,02282,1256,210,1046
20171014,02003,1551,376,1175
20171014,02006,11759,6194,5565
20171014,02282,951,186,765
20171015,02003,1268,310,958
20171015,02006,9818,5438,4380
20171015,02282,645,131,514
20171016,02003,1685,390,1295
20171016,02006,12852,6433,6419
20171016,02282,1168,204,964
20171017,02003,1887,399,1488
20171017,02006,12891,6502,6389
20171017,02282,1221,244,977
20171018,02003,1854,423,1431
20171018,02006,13026,6482,6544
20171018,02282,1098,196,902
20171019,02003,2021,453,1568
20171019,02006,13172,6681,6491
20171019,02282,1222,244,978
20171020,02003,2078,507,1571
20171020,02006,14259,7334,6925
20171020,02282,1427,299,1128
20171021,02003,1639,415,1224
20171021,02006,12273,6587,5686
20171021,02282,1736,343,1393
20171022,02003,1219,280,939
20171022,02006,9985,5573,4412
20171022,02282,1250,296,954
20171023,02003,1850,456,1394
20171023,02006,12955,6543,6412
20171023,02282,1251,236,1015
20171024,02003,1976,461,1515
20171024,02006,13076,6437,6639
20171024,02282,1201,218,983
20171025,02003,1898,441,1457
20171025,02006,13427,6710,6717
20171025,02282,1190,230,960
20171026,02003,1929,434,1495
20171026,02006,13328,6817,6511
20171026,02282,1238,224,1014
20171027,02003,2138,513,1625
20171027,02006,14336,7348,6988
20171027,02282,1409,290,1119
20171028,02003,1654,394,1260
20171028,02006,12686,6642,6044
20171028,02282,1902,438,1464
20171029,02003,1192,308,884
20171029,02006,10729,5995,4734
20171029,02282,1360,272,1088
20171030,02003,1801,438,1363
20171030,02006,12629,6321,6308
20171030,02282,1155,224,931
20171031,02003,1885,471,1414
20171031,02006,12860,6387,6473
20171031,02282,1210,229,981
20171101,02003,2211,443,1768
20171101,02006,12331,6245,6086
20171101,02282,1180,210,970
20171102,02003,1932,467,1465
20171102,02006,11862,6102,5760
20171102,02282,1161,219,942
20171103,02003,2001,463,1538
20171103,02006,12954,6734,6220
20171103,02282,1279,263,1016
20171104,02003,1614,380,1234
20171104,02006,10813,5681,5132
20171104,02282,1635,316,1319
20171105,02003,1189,306,883
20171105,02006,9546,5428,4118
20171105,02282,1271,260,1011
20171106,02003,1867,432,1435
20171106,02006,12144,6223,5921
20171106,02282,1187,240,947
20171107,02003,1736,429,1307
20171107,02006,11778,6046,5732
20171107,02282,1010,197,813
20171108,02003,1950,451,1499
20171108,02006,12030,5949,6081
20171108,02282,1153,222,931
20171109,02003,1933,454,1479
20171109,02006,12170,6319,5851
20171109,02282,1286,264,1022
20171110,02003,1912,410,1502
20171110,02006,12269,6325,5944
20171110,02282,1041,204,837
20171111,02003,1428,345,1083
20171111,02006,10790,5533,5257
20171111,02282,1664,304,1360
20171112,02003,1093,276,817
20171112,02006,8223,4520,3703
20171112,02282,1258,272,986
20171113,02003,1840,473,1367
20171113,02006,11558,5838,5720
20171113,02282,1101,225,876
20171114,02003,1867,464,1403
20171114,02006,11934,5977,5957
20171114,02282,1121,214,907
20171115,02003,1943,419,1524
20171115,02006,11805,5868,5937
20171115,02282,1021,231,790
20171116,02003,1836,474,1362
20171116,02006,11675,6075,5600
20171116,02282,1073,207,866
20171117,02003,2002,473,1529
20171117,02006,12312,6467,5845
20171117,02282,1054,216,838
20171118,02003,1316,338,978
20171118,02006,9410,5052,4358
20171118,02282,1189,266,923
20171119,02003,988,285,703
20171119,02006,8181,4677,3504
20171119,02282,755,144,611
20171120,02003,1723,438,1285
20171120,02006,11530,5909,5621
20171120,02282,964,186,778
20171121,02003,1884,436,1448
20171121,02006,11311,5755,5556
20171121,02282,1032,177,855
20171122,02003,1902,477,1425
20171122,02006,11471,5848,5623
20171122,02282,974,199,775
20171123,02003,1790,438,1352
20171123,02006,11643,5979,5664
20171123,02282,1072,194,878
20171124,02003,1950,449,1501
20171124,02006,12495,6513,5982
20171124,02282,1233,276,957
20171125,02003,1263,313,950
20171125,02006,9295,4965,4330
20171125,02282,933,168,765
20171126,02003,1004,302,702
20171126,02006,8223,4679,3544
20171126,02282,833,172,661
20171127,02003,1760,434,1326
20171127,02006,11443,5879,5564
20171127,02282,1003,175,828
20171128,02003,1865,431,1434
20171128,02006,11425,5946,5479
20171128,02282,1121,234,887
20171129,02003,1890,437,1453
20171129,02006,11373,5782,5591
20171129,02282,1018,215,803
20171130,02003,1821,457,1364
20171130,02006,11150,5737,5413
20171130,02282,1025,206,819
20171201,02003,1913,482,1431
20171201,02006,12201,6270,5931
20171201,02282,1077,226,851
20171202,02003,1236,329,907
20171202,02006,9643,5282,4361
20171202,02282,1342,275,1067
20171203,02003,969,267,702
20171203,02006,8277,4685,3592
20171203,02282,882,186,696
20171204,02003,1753,396,1357
20171204,02006,11175,5642,5533
20171204,02282,928,169,759
20171205,02003,1778,398,1380
20171205,02006,11081,5605,5476
20171205,02282,983,187,796
20171206,02003,1727,405,1322
20171206,02006,11275,5579,5696
20171206,02282,1037,218,819
20171207,02003,1832,424,1408
20171207,02006,11391,5929,5462
20171207,02282,1097,212,885
20171208,02003,1990,459,1531
20171208,02006,12196,6348,5848
20171208,02282,1059,227,832
20171209,02003,1212,326,886
20171209,02006,9613,5136,4477
20171209,02282,1219,232,987
20171210,02003,910,246,664
20171210,02006,7726,4236,3490
20171210,02282,732,144,588
20171211,02003,1765,403,1362
20171211,02006,10988,5561,5427
20171211,02282,909,189,720
20171212,02003,1753,385,1368
20171212,02006,10498,5349,5149
20171212,02282,901,182,719
20171213,02003,1796,396,1400
20171213,02006,11001,5565,5436
20171213,02282,914,175,739
20171214,02003,1828,436,1392
20171214,02006,11227,5735,5492
20171214,02282,1023,183,840
20171215,02003,1916,472,1444
20171215,02006,12176,6383,5793
20171215,02282,1080,211,869
20171216,02003,1374,312,1062
20171216,02006,9433,5006,4427
20171216,02282,1082,212,870
20171217,02003,1110,280,830
20171217,02006,7688,4391,3297
20171217,02282,757,157,600
20171218,02003,1791,428,1363
20171218,02006,11202,5710,5492
20171218,02282,1010,220,790
20171219,02003,1734,431,1303
20171219,02006,11392,5837,5555
20171219,02282,1043,221,822
20171220,02003,1698,420,1278
20171220,02006,11558,5983,5575
20171220,02282,1022,229,793
20171221,02003,1772,463,1309
20171221,02006,11514,5993,5521
20171221,02282,1126,255,871
20171222,02003,2143,537,1606
20171222,02006,12678,6626,6052
20171222,02282,1221,277,944
20171223,02003,1373,348,1025
20171223,02006,9866,5010,4856
20171223,02282,1406,267,1139
20171224,02003,931,265,666
20171224,02006,7079,3858,3221
20171224,02282,890,187,703
20171225,02003,1186,386,800
20171225,02006,8569,4883,3686
20171225,02282,1775,397,1378
20171226,02003,1452,396,1056
20171226,02006,10953,5743,5210
20171226,02282,971,201,770
20171227,02003,1444,415,1029
20171227,02006,10864,5536,5328
20171227,02282,977,195,782
20171228,02003,1537,453,1084
20171228,02006,11134,5812,5322
20171228,02282,1133,260,873
20171229,02003,1630,471,1159
20171229,02006,11688,6106,5582
20171229,02282,1225,243,982
20171230,02003,1111,271,840
20171230,02006,8611,4498,4113
20171230,02282,1058,197,861
20171231,02003,900,251,649
20171231,02006,7472,4068,3404
20171231,02282,1496,363,1133
20180101,02003,818,289,529
20180101,02006,7293,4491,2802
20180101,02282,1478,351,1127
20180102,02003,1350,391,959
20180102,02006,10725,5745,4980
20180102,02282,927,176,751
20180103,02003,1358,408,950
20180103,02006,10549,5489,5060
20180103,02282,938,180,758
20180104,02003,1440,440,1000
20180104,02006,10522,5595,4927
20180104,02282,972,199,773
20180105,02003,1643,457,1186
20180105,02006,11353,6012,5341
20180105,02282,1025,187,838
20180106,02003,1166,332,834
20180106,02006,8807,4807,4000
20180106,02282,1188,230,958
20180107,02003,865,290,575
20180107,02006,7581,4310,3271
20180107,02282,790,148,642
20180108,02003,1316,388,928
20180108,02006,10717,5572,5145
20180108,02282,940,180,760
20180109,02003,1489,431,1058
20180109,02006,10596,5618,4978
20180109,02282,954,172,782
20180110,02003,1438,374,1064
20180110,02006,10628,5536,5092
20180110,02282,899,176,723
20180111,02003,1314,362,952
20180111,02006,10021,5331,4690
20180111,02282,807,145,662
20180112,02003,1349,406,943
20180112,02006,10758,5686,5072
20180112,02282,897,168,729
20180113,02003,1180,280,900
20180113,02006,9327,4961,4366
20180113,02282,940,170,770
20180114,02003,885,252,633
20180114,02006,7450,4265,3185
20180114,02282,792,135,657
20180115,02003,1540,457,1083
20180115,02006,10845,5726,5119
20180115,02282,991,217,774
20180116,02003,1523,392,1131
20180116,02006,10803,5668,5135
20180116,02282,977,200,777
20180117,02003,1486,447,1039
20180117,02006,10952,5877,5075
20180117,02282,963,195,768
20180118,02003,1478,410,1068
20180118,02006,10894,5878,5016
20180118,02282,1048,195,853
20180119,02003,1671,479,1192
20180119,02006,12121,6414,5707
20180119,02282,1206,253,953
20180120,02003,1148,289,859
20180120,02006,9288,4993,4295
20180120,02282,1192,233,959
20180121,02003,943,283,660
20180121,02006,7775,4514,3261
20180121,02282,952,207,745
20180122,02003,1369,377,992
20180122,02006,10564,5706,4858
20180122,02282,894,156,738
20180123,02003,1283,318,965
20180123,02006,10183,5471,4712
20180123,02282,892,185,707
20180124,02003,1151,339,812
20180124,02006,9525,4992,4533
20180124,02282,798,143,655
20180125,02003,1272,362,910
20180125,02006,9849,5169,4680
20180125,02282,832,155,677
20180126,02003,1363,349,1014
20180126,02006,10231,5367,4864
20180126,02282,834,164,670
20180127,02003,954,288,666
20180127,02006,7740,4210,3530
20180127,02282,936,167,769
20180128,02003,885,233,652
20180128,02006,6782,3877,2905
20180128,02282,651,107,544
20180129,02003,1289,393,896
20180129,02006,10267,5358,4909
20180129,02282,884,163,721
20180130,02003,1285,371,914
20180130,02006,10026,5223,4803
20180130,02282,908,180,728
20180131,02003,1382,389,993
20180131,02006,10721,5564,5157
20180131,02282,1078,205,873
20180201,02003,1348,413,935
20180201,02006,10394,5443,4951
20180201,02282,1014,172,842
20180202,02003,1445,396,1049
20180202,02006,11354,5903,5451
20180202,02282,1064,205,859
20180203,02003,1111,298,813
20180203,02006,8171,4300,3871
20180203,02282,833,116,717
20180204,02003,812,207,605
20180204,02006,6763,3813,2950
20180204,02282,582,128,454
20180205,02003,1235,373,862
20180205,02006,9838,5097,4741
20180205,02282,836,144,692
20180206,02003,1250,309,941
20180206,02006,9632,5025,4607
20180206,02282,812,147,665
20180207,02003,1343,443,900
20180207,02006,10615,5420,5195
20180207,02282,924,171,753
20180208,02003,1318,378,940
20180208,02006,10744,5563,5181
20180208,02282,940,182,758
20180209,02003,1642,450,1192
20180209,02006,11479,6015,5464
20180209,02282,1106,222,884
20180210,02003,1030,292,738
20180210,02006,8267,4463,3804
20180210,02282,927,149,778
20180211,02003,733,199,534
20180211,02006,6579,3651,2928
20180211,02282,509,87,422
20180212,02003,1458,431,1027
20180212,02006,10760,5576,5184
20180212,02282,914,162,752
20180213,02003,1445,396,1049
20180213,02006,11143,5640,5503
20180213,02282,1001,185,816
20180214,02003,1611,386,1225
20180214,02006,11164,5586,5578
20180214,02282,1043,211,832
20180215,02003,741,186,555
20180215,02006,5960,3014,2946
20180215,02282,823,152,671
20180216,02003,621,168,453
20180216,02006,6534,4175,2359
20180216,02282,1123,345,778
20180217,02003,735,254,481
20180217,02006,6986,4529,2457
20180217,02282,1127,250,877
20180218,02003,864,311,553
20180218,02006,7783,4963,2820
20180218,02282,805,166,639
20180219,02003,1479,433,1046
20180219,02006,10921,6050,4871
20180219,02282,972,181,791
20180220,02003,1562,428,1134
20180220,02006,11053,5957,5096
20180220,02282,1033,197,836
20180221,02003,1564,459,1105
20180221,02006,11270,5914,5356
20180221,02282,1047,207,840
20180222,02003,1552,397,1155
20180222,02006,11493,6115,5378
20180222,02282,1158,236,922
20180223,02003,1699,440,1259
20180223,02006,12032,6478,5554
20180223,02282,1162,241,921
20180224,02003,1203,281,922
20180224,02006,8989,4800,4189
20180224,02282,1237,244,993
20180225,02003,905,245,660
20180225,02006,7556,4228,3328
20180225,02282,880,160,720
20180226,02003,1517,416,1101
20180226,02006,11255,6019,5236
20180226,02282,1095,185,910
20180227,02003,1628,437,1191
20180227,02006,11704,6073,5631
20180227,02282,1042,210,832
20180228,02003,1341,351,990
20180228,02006,10604,5609,4995
20180228,02282,893,196,697
20180301,02003,798,183,615
20180301,02006,7100,3802,3298
20180301,02282,1021,170,851
20180302,02003,1846,403,1443
20180302,02006,11208,5862,5346
20180302,02282,1032,233,799
20180303,02003,1172,314,858
20180303,02006,8735,4700,4035
20180303,02282,1348,205,1143
20180304,02003,948,270,678
20180304,02006,6982,4044,2938
20180304,02282,713,108,605
20180305,02003,1737,371,1366
20180305,02006,10997,5712,5285
20180305,02282,964,202,762
20180306,02003,1902,445,1457
20180306,02006,11241,5718,5523
20180306,02282,1050,180,870
20180307,02003,1945,415,1530
20180307,02006,11242,5742,5500
20180307,02282,1047,215,832
20180308,02003,1940,414,1526
20180308,02006,10936,5732,5204
20180308,02282,954,174,780
20180309,02003,1996,487,1509
20180309,02006,12086,6351,5735
20180309,02282,1122,230,892
20180310,02003,1268,289,979
20180310,02006,8934,4660,4274
20180310,02282,1257,280,977
20180311,02003,1004,288,716
20180311,02006,7693,4320,3373
20180311,02282,1049,210,839
20180312,02003,1932,453,1479
20180312,02006,11340,5797,5543
20180312,02282,1004,176,828
20180313,02003,2079,463,1616
20180313,02006,11604,5932,5672
20180313,02282,1102,227,875
20180314,02003,1987,438,1549
20180314,02006,11580,5867,5713
20180314,02282,1235,274,961
20180315,02003,1864,410,1454
20180315,02006,11018,5751,5267
20180315,02282,922,168,754
20180316,02003,1940,452,1488
20180316,02006,12492,6511,5981
20180316,02282,1164,242,922
20180317,02003,1325,357,968
20180317,02006,9473,5008,4465
20180317,02282,1560,313,1247
20180318,02003,950,291,659
20180318,02006,7677,4407,3270
20180318,02282,963,202,761
20180319,02003,1836,373,1463
20180319,02006,11051,5649,5402
20180319,02282,995,191,804
20180320,02003,1886,388,1498
20180320,02006,10990,5490,5500
20180320,02282,1019,190,829
20180321,02003,1781,364,1417
20180321,02006,10920,5457,5463
20180321,02282,888,171,717
20180322,02003,1866,416,1450
20180322,02006,11565,5985,5580
20180322,02282,1133,232,901
20180323,02003,1894,435,1459
20180323,02006,12257,6508,5749
20180323,02282,1097,227,870
20180324,02003,1189,336,853
20180324,02006,9364,4895,4469
20180324,02282,1243,261,982
20180325,02003,970,271,699
20180325,02006,8143,4612,3531
20180325,02282,845,157,688
20180326,02003,1767,401,1366
20180326,02006,11354,5774,5580
20180326,02282,1044,205,839
20180327,02003,1950,458,1492
20180327,02006,11338,5809,5529
20180327,02282,1071,247,824
20180328,02003,1865,429,1436
20180328,02006,11682,5811,5871
20180328,02282,1189,235,954
20180329,02003,1901,440,1461
20180329,02006,11555,5881,5674
20180329,02282,1127,233,894
20180330,02003,2017,449,1568
20180330,02006,12356,6377,5979
20180330,02282,1184,235,949
20180331,02003,1367,335,1032
20180331,02006,9754,5162,4592
20180331,02282,1440,271,1169
20180401,02003,1016,325,691
20180401,02006,8053,4660,3393
20180401,02282,921,212,709
20180402,02003,1856,429,1427
20180402,02006,11493,5939,5554
20180402,02282,1109,220,889
20180403,02003,1860,424,1436
20180403,02006,11333,5863,5470
20180403,02282,1147,239,908
20180404,02003,1810,396,1414
20180404,02006,11328,5750,5578
20180404,02282,1158,233,925
20180405,02003,1711,376,1335
20180405,02006,10620,5504,5116
20180405,02282,983,188,795
20180406,02003,1792,411,1381
20180406,02006,12009,6123,5886
20180406,02282,1108,213,895
20180407,02003,1217,293,924
20180407,02006,9337,4891,4446
20180407,02282,1384,246,1138
20180408,02003,933,277,656
20180408,02006,8019,4485,3534
20180408,02282,962,220,742
20180409,02003,1826,419,1407
20180409,02006,11601,5988,5613
20180409,02282,1240,265,975
20180410,02003,1834,381,1453
20180410,02006,11533,5852,5681
20180410,02282,1194,277,917
20180411,02003,1876,428,1448
20180411,02006,11467,5768,5699
20180411,02282,1235,281,954
20180412,02003,1940,434,1506
20180412,02006,11708,6009,5699
20180412,02282,1251,243,1008
20180413,02003,2016,459,1557
20180413,02006,12418,6356,6062
20180413,02282,1384,342,1042
20180414,02003,1059,274,785
20180414,02006,8221,4483,3738
20180414,02282,1044,171,873
20180415,02003,1010,271,739
20180415,02006,8573,4857,3716
20180415,02282,1164,220,944
20180416,02003,1868,411,1457
20180416,02006,11629,6014,5615
20180416,02282,1262,278,984
20180417,02003,2000,428,1572
20180417,02006,11491,5756,5735
20180417,02282,1100,247,853
20180418,02003,2011,415,1596
20180418,02006,11281,5762,5519
20180418,02282,1182,251,931
20180419,02003,1934,419,1515
20180419,02006,11576,5922,5654
20180419,02282,1244,257,987
20180420,02003,1934,420,1514
20180420,02006,12201,6311,5890
20180420,02282,1193,240,953
20180421,02003,1367,364,1003
20180421,02006,9787,5100,4687
20180421,02282,1647,330,1317
20180422,02003,820,250,570
20180422,02006,6683,3874,2809
20180422,02282,716,115,601
20180423,02003,1558,369,1189
20180423,02006,9680,4951,4729
20180423,02282,808,157,651
20180424,02003,1849,399,1450
20180424,02006,11019,5628,5391
20180424,02282,1044,202,842
20180425,02003,1718,406,1312
20180425,02006,11692,5978,5714
20180425,02282,1165,250,915
20180426,02003,1884,436,1448
20180426,02006,11623,5969,5654
20180426,02282,1201,231,970
20180427,02003,1935,475,1460
20180427,02006,12406,6269,6137
20180427,02282,1254,290,964
20180428,02003,1351,351,1000
20180428,02006,9878,5037,4841
20180428,02282,1591,310,1281
20180429,02003,1106,297,809
20180429,02006,8425,4745,3680
20180429,02282,1174,240,934
20180430,02003,1763,414,1349
20180430,02006,11455,5920,5535
20180430,02282,1384,284,1100
20180501,02003,919,208,711
20180501,02006,4345,2496,1849
20180501,02282,695,166,529
20180502,02003,1709,386,1323
20180502,02006,10871,5429,5442
20180502,02282,987,213,774
20180503,02003,1861,421,1440
20180503,02006,11434,5742,5692
20180503,02282,1085,197,888
20180504,02003,2172,442,1730
20180504,02006,12969,6679,6290
20180504,02282,1341,272,1069
20180505,02003,1192,277,915
20180505,02006,9224,4871,4353
20180505,02282,1791,363,1428
20180506,02003,898,288,610
20180506,02006,7452,4306,3146
20180506,02282,928,189,739
20180507,02003,1264,424,840
20180507,02006,9996,5776,4220
20180507,02282,1338,238,1100
20180508,02003,1812,425,1387
20180508,02006,11790,6057,5733
20180508,02282,1086,247,839
20180509,02003,1850,445,1405
20180509,02006,11559,5742,5817
20180509,02282,1135,240,895
20180510,02003,1863,452,1411
20180510,02006,11660,5841,5819
20180510,02282,1153,219,934
20180511,02003,1936,522,1414
20180511,02006,12668,6615,6053
20180511,02282,1249,303,946
20180513,02003,1208,289,919
20180513,02006,8654,4755,3899
20180513,02282,1061,205,856
20180514,02003,1744,425,1319
20180514,02006,11631,5993,5638
20180514,02282,1079,239,840
20180515,02003,1928,433,1495
20180515,02006,11970,5907,6063
20180515,02282,1217,236,981
20180516,02003,1726,384,1342
20180516,02006,10555,5305,5250
20180516,02282,858,166,692
20180517,02003,1576,403,1173
20180517,02006,10415,5314,5101
20180517,02282,931,188,743
20180518,02003,2012,497,1515
20180518,02006,12375,6415,5960
20180518,02282,1079,209,870
20180519,02003,1378,368,1010
20180519,02006,10386,5309,5077
20180519,02282,1761,425,1336
20180520,02003,1145,282,863
20180520,02006,8679,4973,3706
20180520,02282,1310,298,1012
20180521,02003,1884,479,1405
20180521,02006,11558,5867,5691
20180521,02282,1465,326,1139
20180522,02003,1076,275,801
20180522,02006,8105,4420,3685
20180522,02282,1063,162,901
20180523,02003,1893,411,1482
20180523,02006,11471,5861,5610
20180523,02282,1097,230,867
20180524,02003,1917,406,1511
20180524,02006,11661,5860,5801
20180524,02282,1054,209,845
20180525,02003,2114,533,1581
20180525,02006,12747,6618,6129
20180525,02282,1193,262,931
20180526,02003,1510,395,1115
20180526,02006,10326,5587,4739
20180526,02282,1438,245,1193
20180527,02003,1238,318,920
20180527,02006,8428,4809,3619
20180527,02282,985,213,772
20180528,02003,1843,447,1396
20180528,02006,11523,5826,5697
20180528,02282,1160,245,915
20180529,02003,1849,418,1431
20180529,02006,11351,5727,5624
20180529,02282,1123,242,881
20180530,02003,1873,408,1465
20180530,02006,11639,5836,5803
20180530,02282,1222,211,1011
20180531,02003,1815,422,1393
20180531,02006,11795,6038,5757
20180531,02282,1086,210,876
20180601,02003,2000,484,1516
20180601,02006,12382,6312,6070
20180601,02282,1182,233,949
20180602,02003,1220,316,904
20180602,02006,9280,4894,4386
20180602,02282,1378,220,1158
20180603,02003,1111,307,804
20180603,02006,8190,4657,3533
20180603,02282,1003,219,784
20180604,02003,1807,415,1392
20180604,02006,11253,5688,5565
20180604,02282,1082,226,856
20180605,02003,1875,408,1467
20180605,02006,11945,5995,5950
20180605,02282,1220,274,946
20180606,02003,1103,305,798
20180606,02006,8213,4443,3770
20180606,02282,1250,170,1080
20180607,02003,1911,408,1503
20180607,02006,11622,5950,5672
20180607,02282,1071,215,856
20180608,02003,1924,487,1437
20180608,02006,12367,6418,5949
20180608,02282,1274,273,1001
20180609,02003,1204,341,863
20180609,02006,9006,4786,4220
20180609,02282,1274,236,1038
20180610,02003,649,158,491
20180610,02006,3705,2323,1382
20180610,02282,681,164,517
20180611,02003,1810,423,1387
20180611,02006,11203,5582,5621
20180611,02282,1029,220,809
20180612,02003,1926,440,1486
20180612,02006,11800,6105,5695
20180612,02282,1307,284,1023
20180613,02003,1041,291,750
20180613,02006,7387,3995,3392
20180613,02282,1115,187,928
20180615,02003,1935,448,1487
20180615,02006,12089,6269,5820
20180615,02282,1284,270,1014
20180616,02003,1365,325,1040
20180616,02006,9149,4886,4263
20180616,02282,1435,281,1154
20180617,02003,990,242,748
20180617,02006,7773,4409,3364
20180617,02282,938,179,759
20180618,02003,1726,398,1328
20180618,02006,11171,5634,5537
20180618,02282,1062,228,834
20180619,02003,1784,408,1376
20180619,02006,11239,5759,5480
20180619,02282,1184,235,949
20180620,02003,1800,384,1416
20180620,02006,11387,5799,5588
20180620,02282,1155,252,903
20180621,02003,1815,419,1396
20180621,02006,11667,6066,5601
20180621,02282,1211,228,983
20180622,02003,1727,425,1302
20180622,02006,12101,6224,5877
20180622,02282,1209,276,933
20180623,02003,1457,373,1084
20180623,02006,9301,4834,4467
20180623,02282,1363,266,1097
20180624,02003,1021,291,730
20180624,02006,7707,4357,3350
20180624,02282,990,195,795
20180625,02003,1451,426,1025
20180625,02006,11075,5831,5244
20180625,02282,1214,255,959
20180626,02003,1265,355,910
20180626,02006,9412,4884,4528
20180626,02282,818,149,669
20180627,02003,1568,432,1136
20180627,02006,10931,5533,5398
20180627,02282,1210,258,952
20180628,02003,1448,435,1013
20180628,02006,10749,5625,5124
20180628,02282,1113,257,856
20180630,02003,877,221,656
20180630,02006,8075,4244,3831
20180630,02282,1046,194,852
20180701,02003,661,208,453
20180701,02006,5643,3382,2261
20180701,02282,393,59,334
20180702,02003,1259,371,888
20180702,02006,9858,5156,4702
20180702,02282,907,179,728
20180703,02003,1391,388,1003
20180703,02006,10449,5467,4982
20180703,02282,1115,246,869
20180704,02003,1551,432,1119
20180704,02006,10702,5531,5171
20180704,02282,1108,239,869
20180705,02003,1465,401,1064
20180705,02006,10863,5613,5250
20180705,02282,1183,257,926
20180706,02003,1739,468,1271
20180706,02006,12175,6320,5855
20180706,02282,1347,276,1071
20180707,02003,1182,306,876
20180707,02006,8950,4709,4241
20180707,02282,1550,274,1276
20180708,02003,999,317,682
20180708,02006,7858,4540,3318
20180708,02282,1128,186,942
20180709,02003,1320,382,938
20180709,02006,9984,5292,4692
20180709,02282,948,193,755
20180710,02003,1391,397,994
20180710,02006,10876,5561,5315
20180710,02282,1118,216,902
20180711,02003,1462,409,1053
20180711,02006,11201,5722,5479
20180711,02282,1116,236,880
20180712,02003,1606,453,1153
20180712,02006,11262,5682,5580
20180712,02282,1234,250,984
20180713,02003,1671,427,1244
20180713,02006,12337,6394,5943
20180713,02282,1292,278,1014
20180715,02003,915,319,596
20180715,02006,7749,4450,3299
20180715,02282,868,128,740
20180716,02003,1366,385,981
20180716,02006,10670,5523,5147
20180716,02282,1085,203,882
20180717,02003,1442,395,1047
20180717,02006,10904,5591,5313
20180717,02282,1130,223,907
20180718,02003,1503,444,1059
20180718,02006,11144,5652,5492
20180718,02282,1125,270,855
20180719,02003,1434,403,1031
20180719,02006,11114,5743,5371
20180719,02282,1143,276,867
20180720,02003,1644,457,1187
20180720,02006,11922,6203,5719
20180720,02282,1211,291,920
20180721,02003,1010,272,738
20180721,02006,8224,4364,3860
20180721,02282,1024,174,850
20180722,02003,766,260,506
20180722,02006,6771,3845,2926
20180722,02282,669,107,562
20180723,02003,1331,406,925
20180723,02006,10975,5657,5318
20180723,02282,1067,240,827
20180724,02003,1346,391,955
20180724,02006,10746,5536,5210
20180724,02282,1085,258,827
20180725,02003,1410,407,1003
20180725,02006,11283,5857,5426
20180725,02282,1067,254,813
20180726,02003,1457,393,1064
20180726,02006,11150,5746,5404
20180726,02282,1184,249,935
20180727,02003,1598,445,1153
20180727,02006,11930,6162,5768
20180727,02282,1176,254,922
20180728,02003,898,276,622
20180728,02006,7791,4134,3657
20180728,02282,1019,185,834
20180729,02003,786,270,516
20180729,02006,7140,4050,3090
20180729,02282,809,120,689
20180730,02003,1321,383,938
20180730,02006,10738,5660,5078
20180730,02282,1294,303,991
20180731,02003,1269,386,883
20180731,02006,10896,5735,5161
20180731,02282,1135,254,881
20180801,02003,1290,367,923
20180801,02006,10083,5254,4829
20180801,02282,1111,252,859
20180802,02003,1284,381,903
20180802,02006,10222,5391,4831
20180802,02282,1143,302,841
20180803,02003,1392,376,1016
20180803,02006,10618,5547,5071
20180803,02282,1290,310,980
20180804,02003,1046,273,773
20180804,02006,7835,4074,3761
20180804,02282,1107,203,904
20180805,02003,814,262,552
20180805,02006,7152,4244,2908
20180805,02282,743,126,617
20180806,02003,1288,381,907
20180806,02006,10338,5436,4902
20180806,02282,993,212,781
20180807,02003,1356,425,931
20180807,02006,10652,5590,5062
20180807,02282,1015,209,806
20180808,02003,1374,442,932
20180808,02006,10985,5657,5328
20180808,02282,1055,243,812
20180809,02003,1374,422,952
20180809,02006,10695,5593,5102
20180809,02282,1014,228,786
20180810,02003,1503,424,1079
20180810,02006,11768,6084,5684
20180810,02282,1150,262,888
20180811,02003,1103,295,808
20180811,02006,8195,4265,3930
20180811,02282,1139,195,944
20180812,02003,806,236,570
20180812,02006,6827,3875,2952
20180812,02282,728,138,590
20180813,02003,1334,404,930
20180813,02006,10827,5731,5096
20180813,02282,1177,255,922
20180814,02003,1465,462,1003
20180814,02006,11550,6037,5513
20180814,02282,1238,286,952
20180815,02003,900,243,657
20180815,02006,7088,3846,3242
20180815,02282,989,165,824
20180816,02003,1509,425,1084
20180816,02006,11150,5762,5388
20180816,02282,1145,223,922
20180817,02003,1590,435,1155
20180817,02006,12066,6268,5798
20180817,02282,1395,337,1058
20180818,02003,1097,290,807
20180818,02006,8797,4660,4137
20180818,02282,1395,219,1176
20180819,02003,883,259,624
20180819,02006,7667,4365,3302
20180819,02282,966,208,758
20180820,02003,1372,398,974
20180820,02006,11167,5854,5313
20180820,02282,1173,251,922
20180821,02003,1432,441,991
20180821,02006,11284,5887,5397
20180821,02282,1307,254,1053
20180822,02003,1548,448,1100
20180822,02006,11441,5924,5517
20180822,02282,1290,259,1031
20180823,02003,1415,421,994
20180823,02006,10202,5337,4865
20180823,02282,1010,194,816
20180824,02003,1307,381,926
20180824,02006,10452,5539,4913
20180824,02282,967,197,770
20180825,02003,1233,346,887
20180825,02006,9399,5088,4311
20180825,02282,1464,266,1198
20180826,02003,971,314,657
20180826,02006,7421,4336,3085
20180826,02282,873,168,705
20180827,02003,1512,421,1091
20180827,02006,10565,5626,4939
20180827,02282,996,229,767
20180828,02003,1437,408,1029
20180828,02006,10057,5200,4857
20180828,02282,969,218,751
20180829,02003,1440,373,1067
20180829,02006,10434,5394,5040
20180829,02282,1018,230,788
20180830,02003,1627,450,1177
20180830,02006,11527,6041,5486
20180830,02282,1167,273,894
20180831,02003,1799,460,1339
20180831,02006,12583,6615,5968
20180831,02282,1387,320,1067
20180901,02003,1312,356,956
20180901,02006,8876,4789,4087
20180901,02282,1382,271,1111
20180902,02003,1059,314,745
20180902,02006,8126,4633,3493
20180902,02282,1054,179,875
20180903,02003,1648,407,1241
20180903,02006,10884,5541,5343
20180903,02282,982,199,783
20180904,02003,1834,480,1354
20180904,02006,11870,5981,5889
20180904,02282,1208,266,942
20180905,02003,1714,404,1310
20180905,02006,11950,6007,5943
20180905,02282,1250,276,974
20180906,02003,1842,461,1381
20180906,02006,11811,6042,5769
20180906,02282,1266,273,993
20180907,02003,1978,528,1450
20180907,02006,13087,6773,6314
20180907,02282,1322,279,1043
20180908,02003,1412,316,1096
20180908,02006,9616,5154,4462
20180908,02282,1638,321,1317
20180909,02003,1110,298,812
20180909,02006,8304,4868,3436
20180909,02282,1070,205,865
20180910,02003,1880,462,1418
20180910,02006,12004,6132,5872
20180910,02282,1211,255,956
20180911,02003,1872,430,1442
20180911,02006,12140,6192,5948
20180911,02282,1311,284,1027
20180912,02003,1862,472,1390
20180912,02006,12180,6137,6043
20180912,02282,1205,269,936
20180913,02003,1967,501,1466
20180913,02006,12387,6367,6020
20180913,02282,1214,286,928
20180914,02003,1968,463,1505
20180914,02006,13024,6702,6322
20180914,02282,1344,305,1039
20180915,02003,1358,338,1020
20180915,02006,9914,5326,4588
20180915,02282,1307,229,1078
20180916,02003,1042,282,760
20180916,02006,8285,4813,3472
20180916,02282,901,138,763
20180917,02003,1814,414,1400
20180917,02006,12118,6202,5916
20180917,02282,1222,253,969
20180918,02003,1817,454,1363
20180918,02006,12095,6200,5895
20180918,02282,1213,273,940
20180919,02003,1812,459,1353
20180919,02006,12124,6217,5907
20180919,02282,1259,322,937
20180920,02003,1807,446,1361
20180920,02006,12262,6053,6209
20180920,02282,1069,219,850
20180921,02003,1960,443,1517
20180921,02006,12324,6183,6141
20180921,02282,1163,241,922
20180922,02003,1107,285,822
20180922,02006,8411,4184,4227
20180922,02282,1375,289,1086
20180923,02003,769,160,609
20180923,02006,6242,3100,3142
20180923,02282,1409,324,1085
20180924,02003,811,268,543
20180924,02006,7449,4641,2808
20180924,02282,1791,654,1137
20180925,02003,984,394,590
20180925,02006,8123,5239,2884
20180925,02282,1718,490,1228
20180926,02003,1029,402,627
20180926,02006,8601,5384,3217
20180926,02282,1312,266,1046
20180927,02003,1663,431,1232
20180927,02006,11684,6164,5520
20180927,02282,1228,271,957
20180928,02003,1731,460,1271
20180928,02006,12084,6281,5803
20180928,02282,1266,267,999
20180929,02003,1173,310,863
20180929,02006,8821,4823,3998
20180929,02282,1596,277,1319
20180930,02003,982,252,730
20180930,02006,7418,4199,3219
20180930,02282,1166,213,953
20181001,02003,1733,422,1311
20181001,02006,11283,5737,5546
20181001,02282,1030,184,846
20181002,02003,1861,473,1388
20181002,02006,12048,6116,5932
20181002,02282,1244,232,1012
20181003,02003,1100,284,816
20181003,02006,8079,4337,3742
20181003,02282,1478,263,1215
20181004,02003,1965,476,1489
20181004,02006,12040,6210,5830
20181004,02282,1217,237,980
20181005,02003,1792,462,1330
20181005,02006,11517,6102,5415
20181005,02282,1002,234,768
20181006,02003,1094,328,766
20181006,02006,8336,4479,3857
20181006,02282,1236,175,1061
20181007,02003,1221,313,908
20181007,02006,8539,4863,3676
20181007,02282,1287,216,1071
20181008,02003,1746,433,1313
20181008,02006,11954,6184,5770
20181008,02282,1329,290,1039
20181009,02003,1198,315,883
20181009,02006,8495,4660,3835
20181009,02282,1432,267,1165
20181010,02003,1753,445,1308
20181010,02006,11385,5795,5590
20181010,02282,1068,234,834
20181011,02003,1818,441,1377
20181011,02006,11844,5995,5849
20181011,02282,1158,244,914
20181012,02003,1918,486,1432
20181012,02006,12850,6751,6099
20181012,02282,1332,322,1010
20181013,02003,1450,360,1090
20181013,02006,10028,5399,4629
20181013,02282,1304,219,1085
20181014,02003,1141,316,825
20181014,02006,8667,4957,3710
20181014,02282,1089,220,869
20181015,02003,1744,448,1296
20181015,02006,11652,5827,5825
20181015,02282,1224,280,944
20181016,02003,1783,459,1324
20181016,02006,11626,5862,5764
20181016,02282,1194,252,942
20181017,02003,1839,432,1407
20181017,02006,11819,5789,6030
20181017,02282,1242,257,985
20181018,02003,2000,534,1466
20181018,02006,12365,6273,6092
20181018,02282,1404,327,1077
20181019,02003,1962,498,1464
20181019,02006,12481,6524,5957
20181019,02282,1446,319,1127
20181020,02003,1306,337,969
20181020,02006,9806,5147,4659
20181020,02282,1618,331,1287
20181021,02003,1270,328,942
20181021,02006,8822,5093,3729
20181021,02282,1286,275,1011
20181022,02003,1844,457,1387
20181022,02006,11501,5792,5709
20181022,02282,1248,271,977
20181023,02003,1726,423,1303
20181023,02006,11233,5583,5650
20181023,02282,1209,239,970
20181024,02003,1862,454,1408
20181024,02006,11114,5574,5540
20181024,02282,1377,278,1099
20181025,02003,1896,488,1408
20181025,02006,11714,5863,5851
20181025,02282,1328,322,1006
20181026,02003,1826,483,1343
20181026,02006,11661,5979,5682
20181026,02282,1185,271,914
20181027,02003,1336,325,1011
20181027,02006,10105,5216,4889
20181027,02282,1667,353,1314
20181028,02003,1109,294,815
20181028,02006,8539,4741,3798
20181028,02282,1094,218,876
20181029,02003,1801,437,1364
20181029,02006,11076,5486,5590
20181029,02282,1361,331,1030
20181030,02003,1719,433,1286
20181030,02006,11235,5551,5684
20181030,02282,1362,339,1023
20181031,02003,1802,460,1342
20181031,02006,11020,5486,5534
20181031,02282,1262,262,1000
20181101,02003,1888,485,1403
20181101,02006,11389,5686,5703
20181101,02282,1362,277,1085
20181102,02003,1974,495,1479
20181102,02006,12360,6324,6036
20181102,02282,1336,285,1051
20181103,02003,1478,365,1113
20181103,02006,10164,5350,4814
20181103,02282,1833,381,1452
20181104,02003,1199,333,866
20181104,02006,8711,4928,3783
20181104,02282,1408,301,1107
20181105,02003,1666,436,1230
20181105,02006,11074,5585,5489
20181105,02282,1300,291,1009
20181106,02003,1736,447,1289
20181106,02006,11102,5660,5442
20181106,02282,1175,248,927
20181107,02003,1717,403,1314
20181107,02006,10980,5408,5572
20181107,02282,1141,234,907
20181108,02003,1618,397,1221
20181108,02006,10260,5022,5238
20181108,02282,986,200,786
20181109,02003,1927,502,1425
20181109,02006,12257,6306,5951
20181109,02282,1340,317,1023
20181110,02003,1122,255,867
20181110,02006,8655,4650,4005
20181110,02282,1322,224,1098
20181111,02003,1056,318,738
20181111,02006,8009,4571,3438
20181111,02282,970,198,772
20181112,02003,1713,422,1291
20181112,02006,11209,5602,5607
20181112,02282,1281,251,1030
20181113,02003,1772,418,1354
20181113,02006,11119,5529,5590
20181113,02282,1275,272,1003
20181114,02003,1804,424,1380
20181114,02006,11496,5655,5841
20181114,02282,1214,276,938
20181115,02003,1783,453,1330
20181115,02006,11520,5756,5764
20181115,02282,1207,255,952
20181116,02003,1853,444,1409
20181116,02006,12184,6253,5931
20181116,02282,1254,296,958
20181117,02003,1205,350,855
20181117,02006,9651,5095,4556
20181117,02282,1284,215,1069
20181118,02003,1164,349,815
20181118,02006,8222,4721,3501
20181118,02282,1127,211,916
20181119,02003,1648,415,1233
20181119,02006,10849,5580,5269
20181119,02282,1140,249,891
20181120,02003,1800,410,1390
20181120,02006,10743,5197,5546
20181120,02282,1158,248,910
20181121,02003,1769,462,1307
20181121,02006,10938,5269,5669
20181121,02282,1106,222,884
20181122,02003,1866,479,1387
20181122,02006,11341,5659,5682
20181122,02282,1250,304,946
20181123,02003,1915,474,1441
20181123,02006,11882,6052,5830
20181123,02282,1220,266,954
20181124,02003,1148,311,837
20181124,02006,8652,4520,4132
20181124,02282,1115,178,937
20181125,02003,998,292,706
20181125,02006,7968,4700,3268
20181125,02282,1112,206,906
20181126,02003,1686,451,1235
20181126,02006,11030,5554,5476
20181126,02282,1121,261,860
20181127,02003,1704,410,1294
20181127,02006,10815,5346,5469
20181127,02282,1179,244,935
20181128,02003,1758,453,1305
20181128,02006,11001,5378,5623
20181128,02282,1221,258,963
20181129,02003,1697,373,1324
20181129,02006,11025,5467,5558
20181129,02282,1156,242,914
20181130,02003,1904,453,1451
20181130,02006,11965,6084,5881
20181130,02282,1330,269,1061
20181201,02003,1215,317,898
20181201,02006,8785,4590,4195
20181201,02282,1423,238,1185
20181202,02003,977,279,698
20181202,02006,7560,4349,3211
20181202,02282,914,149,765
20181203,02003,1556,376,1180
20181203,02006,10231,5112,5119
20181203,02282,979,213,766
20181204,02003,1640,386,1254
20181204,02006,10411,5156,5255
20181204,02282,1098,241,857
20181205,02003,1721,428,1293
20181205,02006,10688,5179,5509
20181205,02282,1073,228,845
20181206,02003,1858,404,1454
20181206,02006,10891,5345,5546
20181206,02282,1310,336,974
20181207,02003,1802,459,1343
20181207,02006,11571,5716,5855
20181207,02282,1055,214,841
20181208,02003,1089,252,837
20181208,02006,7482,3881,3601
20181208,02282,837,165,672
20181209,02003,810,235,575
20181209,02006,6586,3772,2814
20181209,02282,642,120,522
20181210,02003,1642,396,1246
20181210,02006,10728,5260,5468
20181210,02282,993,210,783
20181211,02003,1629,389,1240
20181211,02006,10627,5243,5384
20181211,02282,1125,231,894
20181212,02003,1674,422,1252
20181212,02006,10729,5289,5440
20181212,02282,1144,263,881
20181213,02003,1654,388,1266
20181213,02006,10704,5353,5351
20181213,02282,1125,254,871
20181214,02003,1858,467,1391
20181214,02006,12591,5913,6678
20181214,02282,1207,233,974
20181215,02003,1220,298,922
20181215,02006,9738,4773,4965
20181215,02282,1153,238,915
20181216,02003,1024,278,746
20181216,02006,7929,4233,3696
20181216,02282,744,131,613
20181217,02003,1682,441,1241
20181217,02006,11487,5407,6080
20181217,02282,1121,216,905
20181218,02003,1682,382,1300
20181218,02006,11706,5550,6156
20181218,02282,1199,238,961
20181219,02003,1608,387,1221
20181219,02006,11767,5575,6192
20181219,02282,1168,266,902
20181220,02003,1933,471,1462
20181220,02006,13241,6293,6948
20181220,02282,1333,333,1000
20181221,02003,1848,516,1332
20181221,02006,12974,6352,6622
20181221,02282,1270,257,1013
20181222,02003,1447,362,1085
20181222,02006,10187,5213,4974
20181222,02282,1280,210,1070
20181223,02003,1003,275,728
20181223,02006,7740,4160,3580
20181223,02282,1046,165,881
20181224,02003,1464,422,1042
20181224,02006,11201,5485,5716
20181224,02282,1366,317,1049
20181225,02003,1035,320,715
20181225,02006,7681,3976,3705
20181225,02282,1496,259,1237
20181226,02003,1553,476,1077
20181226,02006,11367,5484,5883
20181226,02282,1174,239,935
20181227,02003,1400,381,1019
20181227,02006,10752,5135,5617
20181227,02282,987,201,786
20181228,02003,1485,439,1046
20181228,02006,11407,5435,5972
20181228,02282,1067,224,843
20181229,02003,1063,267,796
20181229,02006,8029,3803,4226
20181229,02282,941,167,774
20181230,02003,735,200,535
20181230,02006,6998,3785,3213
20181230,02282,814,125,689
20181231,02003,1371,365,1006
20181231,02006,10341,5107,5234
20181231,02282,1333,285,1048
20190101,02003,742,310,432
20190101,02006,6382,3588,2794
20190101,02282,1205,259,946
20190102,02003,1292,400,892
20190102,02006,10658,5257,5401
20190102,02282,1060,207,853
20190103,02003,1409,408,1001
20190103,02006,10515,5164,5351
20190103,02282,1127,252,875
20190104,02003,1508,436,1072
20190104,02006,11801,5743,6058
20190104,02282,1204,275,929
20190105,02003,999,250,749
20190105,02006,8517,4280,4237
20190105,02282,1050,161,889
20190106,02003,876,279,597
20190106,02006,7126,3830,3296
20190106,02282,738,131,607
20190107,02003,1492,419,1073
20190107,02006,10805,5217,5588
20190107,02282,1107,213,894
20190108,02003,1412,420,992
20190108,02006,10903,5156,5747
20190108,02282,999,193,806
20190109,02003,1343,396,947
20190109,02006,10789,5193,5596
20190109,02282,1030,211,819
20190110,02003,1493,430,1063
20190110,02006,11005,5265,5740
20190110,02282,1090,235,855
20190111,02003,1576,444,1132
20190111,02006,12064,5893,6171
20190111,02282,1194,284,910
20190112,02003,1108,287,821
20190112,02006,8962,4478,4484
20190112,02282,1116,206,910
20190113,02003,823,266,557
20190113,02006,7550,4106,3444
20190113,02282,816,137,679
20190114,02003,1472,400,1072
20190114,02006,10816,5127,5689
20190114,02282,995,202,793
20190115,02003,1327,380,947
20190115,02006,10626,5017,5609
20190115,02282,1036,219,817
20190116,02003,1413,443,970
20190116,02006,11160,5250,5910
20190116,02282,1096,243,853
20190117,02003,1486,465,1021
20190117,02006,11299,5438,5861
20190117,02282,1186,270,916
20190118,02003,1620,459,1161
20190118,02006,12265,6071,6194
20190118,02282,1266,276,990
20190119,02003,1086,307,779
20190119,02006,8736,4413,4323
20190119,02282,1224,191,1033
20190120,02003,952,261,691
20190120,02006,7607,4050,3557
20190120,02282,859,185,674
20190121,02003,1350,410,940
20190121,02006,11056,5331,5725
20190121,02282,1084,229,855
20190122,02003,1453,419,1034
20190122,02006,11079,5404,5675
20190122,02282,1192,225,967
20190123,02003,1453,412,1041
20190123,02006,11430,5397,6033
20190123,02282,1274,277,997
20190124,02003,1397,428,969
20190124,02006,11332,5457,5875
20190124,02282,1220,240,980
20190125,02003,1572,440,1132
20190125,02006,12186,5907,6279
20190125,02282,1300,274,1026
20190126,02003,1089,347,742
20190126,02006,9088,4513,4575
20190126,02282,1149,170,979
20190127,02003,1006,251,755
20190127,02006,7324,3866,3458
20190127,02282,806,139,667
20190128,02003,1363,405,958
20190128,02006,10909,5169,5740
20190128,02282,1048,243,805
20190129,02003,1426,409,1017
20190129,02006,11142,5281,5861
20190129,02282,1059,227,832
20190130,02003,1463,423,1040
20190130,02006,11406,5480,5926
20190130,02282,1224,257,967
20190131,02003,1412,434,978
20190131,02006,11083,5235,5848
20190131,02282,1038,242,796
20190201,02003,1539,412,1127
20190201,02006,11588,5292,6296
20190201,02282,1185,227,958
20190202,02003,911,249,662
20190202,02006,7736,3533,4203
20190202,02282,990,188,802
20190203,02003,631,201,430
20190203,02006,5340,2474,2866
20190203,02282,536,72,464
20190204,02003,629,145,484
20190204,02006,5719,2801,2918
20190204,02282,1187,298,889
20190205,02003,685,298,387
20190205,02006,7144,4401,2743
20190205,02282,1141,272,869
20190206,02003,775,364,411
20190206,02006,7551,4653,2898
20190206,02282,881,192,689
20190207,02003,1319,432,887
20190207,02006,10740,5547,5193
20190207,02282,1020,236,784
20190208,02003,1415,451,964
20190208,02006,11146,5426,5720
20190208,02282,1059,232,827
20190209,02003,1036,285,751
20190209,02006,8346,4123,4223
20190209,02282,992,164,828
20190210,02003,778,222,556
20190210,02006,6817,3771,3046
20190210,02282,735,136,599
20190211,02003,1495,411,1084
20190211,02006,11226,5392,5834
20190211,02282,1186,251,935
20190212,02003,1479,425,1054
20190212,02006,11327,5448,5879
20190212,02282,1164,254,910
20190213,02003,1471,443,1028
20190213,02006,11327,5499,5828
20190213,02282,1131,243,888
20190214,02003,1503,464,1039
20190214,02006,11548,5657,5891
20190214,02282,1241,285,956
20190215,02003,1592,517,1075
20190215,02006,11979,5720,6259
20190215,02282,1141,265,876
20190216,02003,1282,304,978
20190216,02006,9240,4527,4713
20190216,02282,1196,230,966
20190217,02003,919,307,612
20190217,02006,8099,4389,3710
20190217,02282,899,191,708
20190218,02003,1432,444,988
20190218,02006,11650,5653,5997
20190218,02282,1148,247,901
20190219,02003,1455,429,1026
20190219,02006,11111,5445,5666
20190219,02282,1079,249,830
20190220,02003,1745,460,1285
20190220,02006,11718,5579,6139
20190220,02282,1145,247,898
20190221,02003,1622,474,1148
20190221,02006,11701,5701,6000
20190221,02282,1227,279,948
20190222,02003,1658,445,1213
20190222,02006,12462,6187,6275
20190222,02282,1296,277,1019
20190223,02003,1329,367,962
20190223,02006,9750,5032,4718
20190223,02282,1367,224,1143
20190224,02003,943,293,650
20190224,02006,8383,4594,3789
20190224,02282,1021,208,813
20190225,02003,1515,465,1050
20190225,02006,11792,5764,6028
20190225,02282,1165,251,914
20190226,02003,1524,416,1108
20190226,02006,11942,5817,6125
20190226,02282,1232,246,986
20190227,02003,1529,465,1064
20190227,02006,11866,5927,5939
20190227,02282,1229,268,961
20190228,02003,1504,431,1073
20190228,02006,12691,6287,6404
20190228,02282,1331,304,1027
20190301,02003,1112,278,834
20190301,02006,9031,4440,4591
20190301,02282,1360,256,1104
20190302,02003,1061,318,743
20190302,02006,8999,4748,4251
20190302,02282,1249,221,1028
20190303,02003,620,155,465
20190303,02006,5959,3827,2132
20190303,02282,701,138,563
20190304,02003,1778,467,1311
20190304,02006,11446,5309,6137
20190304,02282,1058,217,841
20190305,02003,1771,457,1314
20190305,02006,11572,5355,6217
20190305,02282,1023,197,826
20190306,02003,1727,423,1304
20190306,02006,11711,5409,6302
20190306,02282,1067,240,827
20190307,02003,1872,459,1413
20190307,02006,12188,5648,6540
20190307,02282,1169,250,919
20190308,02003,1935,478,1457
20190308,02006,12940,6218,6722
20190308,02282,1304,273,1031
20190309,02003,1148,275,873
20190309,02006,9648,4715,4933
20190309,02282,1437,232,1205
20190310,02003,1054,303,751
20190310,02006,7940,4123,3817
20190310,02282,921,178,743
20190311,02003,1790,437,1353
20190311,02006,11908,5429,6479
20190311,02282,1181,253,928
20190312,02003,1789,404,1385
20190312,02006,11776,5347,6429
20190312,02282,1146,242,904
20190313,02003,1753,403,1350
20190313,02006,12101,5592,6509
20190313,02282,1176,275,901
20190314,02003,1899,474,1425
20190314,02006,12112,5710,6402
20190314,02282,1235,243,992
20190315,02003,1751,440,1311
20190315,02006,12411,5814,6597
20190315,02282,1237,273,964
20190316,02003,1275,350,925
20190316,02006,9733,4870,4863
20190316,02282,1482,283,1199
20190317,02003,1075,340,735
20190317,02006,8212,4222,3990
20190317,02282,1221,186,1035
20190318,02003,1846,473,1373
20190318,02006,12129,5645,6484
20190318,02282,1251,247,1004
20190319,02003,1849,453,1396
20190319,02006,12112,5416,6696
20190319,02282,1351,290,1061
20190320,02003,1749,449,1300
20190320,02006,11164,5093,6071
20190320,02282,1020,250,770
20190321,02003,1832,441,1391
20190321,02006,12017,5542,6475
20190321,02282,1208,256,952
20190322,02003,1974,451,1523
20190322,02006,13282,6334,6948
20190322,02282,1383,296,1087
20190323,02003,1239,301,938
20190323,02006,9045,4489,4556
20190323,02282,1225,202,1023
20190324,02003,851,264,587
20190324,02006,8318,4413,3905
20190324,02282,1038,202,836
20190325,02003,1799,453,1346
20190325,02006,11989,5528,6461
20190325,02282,1139,266,873
20190326,02003,1915,447,1468
20190326,02006,12082,5532,6550
20190326,02282,1292,282,1010
20190327,02003,1755,436,1319
20190327,02006,11977,5550,6427
20190327,02282,1196,273,923
20190328,02003,1914,500,1414
20190328,02006,12410,5718,6692
20190328,02282,1207,302,905
20190329,02003,1909,480,1429
20190329,02006,12768,6145,6623
20190329,02282,1313,275,1038
20190330,02003,1162,311,851
20190330,02006,8712,4276,4436
20190330,02282,1004,160,844
20190331,02003,892,287,605
20190331,02006,7762,4224,3538
20190331,02282,786,138,648
20190401,02003,1738,458,1280
20190401,02006,11989,5579,6410
20190401,02282,1144,261,883
20190402,02003,1771,438,1333
20190402,02006,11749,5302,6447
20190402,02282,1249,278,971
20190403,02003,1819,493,1326
20190403,02006,11896,5465,6431
20190403,02282,1268,260,1008
20190404,02003,1925,519,1406
20190404,02006,12235,5676,6559
20190404,02282,1348,305,1043
20190405,02003,1925,464,1461
20190405,02006,13247,6322,6925
20190405,02282,1372,301,1071
20190406,02003,1213,310,903
20190406,02006,9465,4554,4911
20190406,02282,1188,183,1005
20190407,02003,1147,372,775
20190407,02006,8730,4733,3997
20190407,02282,1266,265,1001
20190408,02003,1801,466,1335
20190408,02006,12226,5638,6588
20190408,02282,1348,285,1063
20190409,02003,1732,427,1305
20190409,02006,11361,5170,6191
20190409,02282,1151,289,862
20190410,02003,1765,475,1290
20190410,02006,11520,5239,6281
20190410,02282,1202,259,943
20190411,02003,1915,500,1415
20190411,02006,12222,5612,6610
20190411,02282,1399,330,1069
20190412,02003,1896,477,1419
20190412,02006,12969,6103,6866
20190412,02282,1528,370,1158
20190413,02003,1282,345,937
20190413,02006,9983,4876,5107
20190413,02282,1735,444,1291
20190414,02003,781,252,529
20190414,02006,7442,4110,3332
20190414,02282,916,144,772
20190415,02003,1897,454,1443
20190415,02006,12381,5608,6773
20190415,02282,1388,299,1089
20190416,02003,1899,453,1446
20190416,02006,11932,5531,6401
20190416,02282,1357,273,1084
20190417,02003,1952,463,1489
20190417,02006,12085,5586,6499
20190417,02282,1351,253,1098
20190418,02003,1933,452,1481
20190418,02006,11992,5580,6412
20190418,02282,1336,319,1017
20190419,02003,1962,479,1483
20190419,02006,12859,6157,6702
20190419,02282,1437,345,1092
20190420,02003,1260,336,924
20190420,02006,9931,4844,5087
20190420,02282,1633,352,1281
20190421,02003,1150,327,823
20190421,02006,8286,4530,3756
20190421,02282,1038,187,851
20190422,02003,1826,458,1368
20190422,02006,11973,5584,6389
20190422,02282,1513,321,1192
20190423,02003,1842,466,1376
20190423,02006,11833,5537,6296
20190423,02282,1253,319,934
20190424,02003,1902,458,1444
20190424,02006,11729,5343,6386
20190424,02282,1270,291,979
20190425,02003,1745,415,1330
20190425,02006,11478,5317,6161
20190425,02282,1096,255,841
20190426,02003,1859,478,1381
20190426,02006,12616,5991,6625
20190426,02282,1219,288,931
20190427,02003,1292,342,950
20190427,02006,10239,5173,5066
20190427,02282,1636,305,1331
20190428,02003,1209,357,852
20190428,02006,8700,4624,4076
20190428,02282,1005,179,826
20190429,02003,1852,452,1400
20190429,02006,12105,5697,6408
20190429,02282,1201,241,960
20190430,02003,1863,481,1382
20190430,02006,12302,5764,6538
20190430,02282,1466,337,1129
20190501,02003,1476,319,1157
20190501,02006,9602,4300,5302
20190501,02282,1292,267,1025
20190502,02003,1963,478,1485
20190502,02006,12167,5536,6631
20190502,02282,1312,279,1033
20190503,02003,2142,537,1605
20190503,02006,13571,6394,7177
20190503,02282,1443,301,1142
20190504,02003,1482,330,1152
20190504,02006,10087,4861,5226
20190504,02282,1650,327,1323
20190505,02003,1197,326,871
20190505,02006,9215,4932,4283
20190505,02282,1366,276,1090
20190506,02003,1043,380,663
20190506,02006,9415,5190,4225
20190506,02282,1364,277,1087
20190507,02003,1925,495,1430
20190507,02006,12426,5814,6612
20190507,02282,1215,242,973
20190508,02003,1762,478,1284
20190508,02006,12115,5476,6639
20190508,02282,1172,248,924
20190509,02003,1881,447,1434
20190509,02006,12166,5560,6606
20190509,02282,1299,262,1037
20190510,02003,2001,515,1486
20190510,02006,13102,6209,6893
20190510,02282,1453,313,1140
20190511,02003,1339,313,1026
20190511,02006,10448,5016,5432
20190511,02282,1550,252,1298
20190512,02003,1238,296,942
20190512,02006,8754,4625,4129
20190512,02282,1044,213,831
20190513,02003,1821,460,1361
20190513,02006,11907,5492,6415
20190513,02282,1126,261,865
20190514,02003,1893,414,1479
20190514,02006,12093,5567,6526
20190514,02282,1277,282,995
20190515,02003,1765,450,1315
20190515,02006,11984,5414,6570
20190515,02282,1268,298,970
20190516,02003,1862,466,1396
20190516,02006,12164,5586,6578
20190516,02282,1281,276,1005
20190517,02003,1926,517,1409
20190517,02006,13020,6298,6722
20190517,02282,1401,338,1063
20190518,02003,1463,389,1074
20190518,02006,10184,5045,5139
20190518,02282,1489,218,1271
20190519,02003,1047,312,735
20190519,02006,7603,4072,3531
20190519,02282,694,117,577
20190520,02003,1785,454,1331
20190520,02006,11778,5424,6354
20190520,02282,1285,301,984
20190521,02003,1859,443,1416
20190521,02006,11925,5487,6438
20190521,02282,1272,297,975
20190522,02003,1770,470,1300
20190522,02006,12023,5523,6500
20190522,02282,1256,295,961
20190523,02003,1975,468,1507
20190523,02006,12326,5689,6637
20190523,02282,1249,315,934
20190524,02003,2014,478,1536
20190524,02006,13002,6133,6869
20190524,02282,1320,338,982
20190525,02003,1466,396,1070
20190525,02006,10417,5005,5412
20190525,02282,1489,277,1212
20190526,02003,1214,318,896
20190526,02006,8712,4594,4118
20190526,02282,1107,221,886
20190527,02003,1654,415,1239
20190527,02006,10927,5097,5830
20190527,02282,1025,259,766
20190528,02003,1825,442,1383
20190528,02006,11848,5376,6472
20190528,02282,1311,299,1012
20190529,02003,1772,461,1311
20190529,02006,11972,5590,6382
20190529,02282,1202,275,927
20190530,02003,1869,475,1394
20190530,02006,11715,5526,6189
20190530,02282,1202,273,929
20190531,02003,1989,513,1476
20190531,02006,12492,5991,6501
20190531,02282,1280,269,1011
20190601,02003,1240,294,946
20190601,02006,9714,4632,5082
20190601,02282,1397,244,1153
20190602,02003,1186,332,854
20190602,02006,8358,4391,3967
20190602,02282,941,189,752
20190603,02003,1784,448,1336
20190603,02006,11870,5433,6437
20190603,02282,1211,301,910
20190604,02003,1888,481,1407
20190604,02006,11959,5502,6457
20190604,02282,1163,269,894
20190605,02003,1999,504,1495
20190605,02006,12897,5969,6928
20190605,02282,1257,270,987
20190606,02003,963,247,716
20190606,02006,8265,4027,4238
20190606,02282,1045,182,863
20190607,02003,1749,440,1309
20190607,02006,11089,5247,5842
20190607,02282,1217,242,975
20190608,02003,1282,342,940
20190608,02006,9439,4658,4781
20190608,02282,1415,247,1168
20190609,02003,940,289,651
20190609,02006,7259,4009,3250
20190609,02282,846,163,683
20190610,02003,1744,423,1321
20190610,02006,11510,5351,6159
20190610,02282,1166,264,902
20190611,02003,1705,460,1245
20190611,02006,11783,5357,6426
20190611,02282,1270,283,987
20190612,02003,1731,427,1304
20190612,02006,12055,5503,6552
20190612,02282,1228,291,937
20190613,02003,1830,473,1357
20190613,02006,12139,5637,6502
20190613,02282,1219,283,936
20190614,02003,1815,456,1359
20190614,02006,12745,6031,6714
20190614,02282,1263,329,934
20190615,02003,1359,317,1042
20190615,02006,9237,4587,4650
20190615,02282,1409,281,1128
20190616,02003,1206,319,887
20190616,02006,8047,4324,3723
20190616,02282,1110,200,910
20190617,02003,1760,446,1314
20190617,02006,11659,5445,6214
20190617,02282,1309,251,1058
20190618,02003,1782,460,1322
20190618,02006,11243,5278,5965
20190618,02282,1148,276,872
20190619,02003,1702,484,1218
20190619,02006,11610,5449,6161
20190619,02282,1234,265,969
20190620,02003,1860,479,1381
20190620,02006,12068,5605,6463
20190620,02282,1337,291,1046
20190621,02003,1845,506,1339
20190621,02006,12699,6039,6660
20190621,02282,1322,303,1019
20190622,02003,1348,398,950
20190622,02006,9998,4902,5096
20190622,02282,1515,315,1200
20190623,02003,1131,328,803
20190623,02006,8366,4475,3891
20190623,02282,1030,169,861
20190624,02003,1523,422,1101
20190624,02006,11443,5443,6000
20190624,02282,1287,259,1028
20190625,02003,1583,458,1125
20190625,02006,11501,5490,6011
20190625,02282,1269,261,1008
20190626,02003,1600,449,1151
20190626,02006,11458,5390,6068
20190626,02282,1280,270,1010
20190627,02003,1487,453,1034
20190627,02006,11565,5393,6172
20190627,02282,1214,243,971
20190628,02003,1771,526,1245
20190628,02006,12553,6149,6404
20190628,02282,1369,331,1038
20190629,02003,1112,294,818
20190629,02006,8478,4248,4230
20190629,02282,1300,257,1043
20190630,02003,953,327,626
20190630,02006,7739,4128,3611
20190630,02282,956,175,781
20190701,02003,1407,433,974
20190701,02006,10844,5167,5677
20190701,02282,1234,277,957
20190702,02003,1501,449,1052
20190702,02006,10903,5249,5654
20190702,02282,1224,233,991
20190703,02003,1422,388,1034
20190703,02006,11205,5358,5847
20190703,02282,1324,303,1021
20190704,02003,1454,453,1001
20190704,02006,11490,5432,6058
20190704,02282,1232,283,949
20190705,02003,1701,473,1228
20190705,02006,12168,5919,6249
20190705,02282,1405,325,1080
20190706,02003,1140,309,831
20190706,02006,8673,4183,4490
20190706,02282,1156,184,972
20190707,02003,1027,345,682
20190707,02006,7718,4192,3526
20190707,02282,924,201,723
20190708,02003,1444,424,1020
20190708,02006,11152,5259,5893
20190708,02282,1119,231,888
20190709,02003,1525,436,1089
20190709,02006,11242,5313,5929
20190709,02282,1149,262,887
20190710,02003,1474,438,1036
20190710,02006,11020,5154,5866
20190710,02282,1218,267,951
20190711,02003,1411,397,1014
20190711,02006,10991,5129,5862
20190711,02282,1176,267,909
20190712,02003,1648,459,1189
20190712,02006,12340,5887,6453
20190712,02282,1384,301,1083
20190713,02003,1205,334,871
20190713,02006,9157,4463,4694
20190713,02282,1494,265,1229
20190714,02003,1028,305,723
20190714,02006,7663,4113,3550
20190714,02282,1091,172,919
20190715,02003,1372,430,942
20190715,02006,10974,5168,5806
20190715,02282,1181,252,929
20190716,02003,1464,428,1036
20190716,02006,11436,5337,6099
20190716,02282,1361,314,1047
20190717,02003,1669,477,1192
20190717,02006,11305,5260,6045
20190717,02282,1256,303,953
20190718,02003,1621,468,1153
20190718,02006,11601,5467,6134
20190718,02282,1297,290,1007
20190719,02003,1697,502,1195
20190719,02006,12393,6040,6353
20190719,02282,1366,308,1058
20190720,02003,1131,301,830
20190720,02006,8749,4249,4500
20190720,02282,1050,185,865
20190721,02003,886,314,572
20190721,02006,7544,4152,3392
20190721,02282,767,156,611
20190722,02003,1471,425,1046
20190722,02006,11241,5402,5839
20190722,02282,1185,282,903
20190723,02003,1485,437,1048
20190723,02006,11516,5400,6116
20190723,02282,1326,301,1025
20190724,02003,1472,425,1047
20190724,02006,11177,5269,5908
20190724,02282,1156,268,888
20190725,02003,1421,412,1009
20190725,02006,11188,5343,5845
20190725,02282,1232,283,949
20190726,02003,1438,429,1009
20190726,02006,10983,5381,5602
20190726,02282,1030,244,786
20190727,02003,1070,299,771
20190727,02006,8521,4150,4371
20190727,02282,1140,222,918
20190728,02003,780,250,530
20190728,02006,6658,3661,2997
20190728,02282,663,115,548
20190729,02003,1437,475,962
20190729,02006,11327,5438,5889
20190729,02282,1377,321,1056
20190730,02003,1447,466,981
20190730,02006,11318,5444,5874
20190730,02282,1331,311,1020
20190731,02003,1327,395,932
20190731,02006,10481,5030,5451
20190731,02282,1212,269,943
20190801,02003,1436,410,1026
20190801,02006,11289,5527,5762
20190801,02282,1434,321,1113
20190802,02003,1635,439,1196
20190802,02006,11951,5783,6168
20190802,02282,1595,403,1192
20190803,02003,1124,301,823
20190803,02006,8456,4165,4291
20190803,02282,1275,226,1049
20190804,02003,899,243,656
20190804,02006,7424,4023,3401
20190804,02282,921,194,727
20190805,02003,1346,403,943
20190805,02006,10598,5031,5567
20190805,02282,1125,290,835
20190806,02003,1222,379,843
20190806,02006,10863,5141,5722
20190806,02282,1171,289,882
20190807,02003,1331,385,946
20190807,02006,10750,5116,5634
20190807,02282,1108,259,849
20190808,02003,1394,416,978
20190808,02006,10978,5326,5652
20190808,02282,1147,271,876
20190809,02003,1608,442,1166
20190809,02006,11235,5411,5824
20190809,02282,1168,267,901
20190810,02003,958,257,701
20190810,02006,8614,4115,4499
20190810,02282,976,183,793
20190811,02003,836,264,572
20190811,02006,7169,3916,3253
20190811,02282,795,141,654
20190812,02003,1285,422,863
20190812,02006,10420,4967,5453
20190812,02282,1090,234,856
20190813,02003,1487,459,1028
20190813,02006,11263,5325,5938
20190813,02282,1179,275,904
20190814,02003,1521,474,1047
20190814,02006,11964,5632,6332
20190814,02282,1331,294,1037
20190815,02003,847,172,675
20190815,02006,7574,3629,3945
20190815,02282,945,161,784
20190816,02003,1509,409,1100
20190816,02006,11243,5378,5865
20190816,02282,1292,291,1001
20190817,02003,1059,298,761
20190817,02006,9169,4650,4519
20190817,02282,1295,185,1110
20190818,02003,985,348,637
20190818,02006,7944,4379,3565
20190818,02282,974,190,784
20190819,02003,1459,493,966
20190819,02006,11185,5330,5855
20190819,02282,1259,292,967
20190820,02003,1561,445,1116
20190820,02006,11419,5521,5898
20190820,02282,1282,256,1026
20190821,02003,1526,407,1119
20190821,02006,11309,5311,5998
20190821,02282,1230,271,959
20190822,02003,1573,442,1131
20190822,02006,11645,5604,6041
20190822,02282,1287,266,1021
20190823,02003,1681,463,1218
20190823,02006,12584,6003,6581
20190823,02282,1482,343,1139
20190824,02003,1168,336,832
20190824,02006,9515,4745,4770
20190824,02282,1404,204,1200
20190825,02003,959,300,659
20190825,02006,7760,4273,3487
20190825,02282,1088,189,899
20190826,02003,1490,474,1016
20190826,02006,11746,5474,6272
20190826,02282,1265,289,976
20190827,02003,1594,472,1122
20190827,02006,11571,5423,6148
20190827,02282,1331,327,1004
20190828,02003,1644,473,1171
20190828,02006,11721,5494,6227
20190828,02282,1316,306,1010
20190829,02003,1515,427,1088
20190829,02006,11211,5411,5800
20190829,02282,1200,272,928
20190830,02003,1766,524,1242
20190830,02006,12717,6134,6583
20190830,02282,1502,378,1124
20190831,02003,1021,281,740
20190831,02006,9917,4791,5126
20190831,02282,1596,295,1301
20190901,02003,1185,353,832
20190901,02006,8722,4725,3997
20190901,02282,1054,189,865
20190902,02003,1709,435,1274
20190902,02006,11793,5483,6310
20190902,02282,1274,291,983
20190903,02003,1879,468,1411
20190903,02006,11808,5405,6403
20190903,02282,1215,300,915
20190904,02003,1716,441,1275
20190904,02006,11148,5084,6064
20190904,02282,1122,252,870
20190905,02003,1755,466,1289
20190905,02006,11245,5124,6121
20190905,02282,1105,264,841
20190906,02003,1876,518,1358
20190906,02006,12269,5754,6515
20190906,02282,1193,278,915
20190907,02003,796,228,568
20190907,02006,5901,2886,3015
20190907,02282,555,88,467
20190908,02003,1013,266,747
20190908,02006,7599,3927,3672
20190908,02282,885,157,728
20190909,02003,1743,445,1298
20190909,02006,12065,5479,6586
20190909,02282,1184,251,933
20190910,02003,1618,391,1227
20190910,02006,11205,4944,6261
20190910,02282,1066,255,811
20190911,02003,2012,422,1590
20190911,02006,12921,5675,7246
20190911,02282,1242,296,946
20190912,02003,904,177,727
20190912,02006,6620,2976,3644
20190912,02282,871,153,718
20190913,02003,907,277,630
20190913,02006,7899,4339,3560
20190913,02282,1574,497,1077
20190914,02003,921,306,615
20190914,02006,7910,4646,3264
20190914,02282,1291,345,946
20190915,02003,974,359,615
20190915,02006,8724,5090,3634
20190915,02282,985,193,792
20190916,02003,1714,488,1226
20190916,02006,12036,5786,6250
20190916,02282,1116,246,870
20190917,02003,1725,445,1280
20190917,02006,11859,5478,6381
20190917,02282,1331,300,1031
20190918,02003,1857,462,1395
20190918,02006,11900,5434,6466
20190918,02282,1298,294,1004
20190919,02003,1837,463,1374
20190919,02006,12207,5544,6663
20190919,02282,1260,263,997
20190920,02003,1898,507,1391
20190920,02006,11583,5665,5918
20190920,02282,1391,324,1067
20190921,02003,1130,311,819
20190921,02006,9947,4871,5076
20190921,02282,1308,241,1067
20190922,02003,843,251,592
20190922,02006,7131,3743,3388
20190922,02282,803,145,658
20190923,02003,1761,488,1273
20190923,02006,11914,5381,6533
20190923,02282,1360,330,1030
20190924,02003,1752,462,1290
20190924,02006,12021,5457,6564
20190924,02282,1296,286,1010
20190925,02003,1785,445,1340
20190925,02006,12048,5538,6510
20190925,02282,1354,308,1046
20190926,02003,1867,449,1418
20190926,02006,12407,5654,6753
20190926,02282,1386,327,1059
20190927,02003,2073,492,1581
20190927,02006,13016,6262,6754
20190927,02282,1428,330,1098
20190928,02003,1306,358,948
20190928,02006,10165,4955,5210
20190928,02282,1545,272,1273
20190929,02003,1296,364,932
20190929,02006,8792,4561,4231
20190929,02282,1155,172,983
20190930,02003,1689,462,1227
20190930,02006,11848,5340,6508
20190930,02282,1272,268,1004
20191001,02003,1800,416,1384
20191001,02006,11516,5252,6264
20191001,02282,1258,293,965
20191002,02003,1711,461,1250
20191002,02006,11360,5136,6224
20191002,02282,1219,269,950
20191003,02003,849,184,665
20191003,02006,7715,3270,4445
20191003,02282,1651,282,1369
20191004,02003,1869,474,1395
20191004,02006,12354,5719,6635
20191004,02282,1657,360,1297
20191005,02003,1267,349,918
20191005,02006,9688,4949,4739
20191005,02282,1619,273,1346
20191006,02003,1185,325,860
20191006,02006,9196,4947,4249
20191006,02282,1150,247,903
20191007,02003,1619,405,1214
20191007,02006,10851,4991,5860
20191007,02282,1076,212,864
20191008,02003,1911,469,1442
20191008,02006,12224,5655,6569
20191008,02282,1416,308,1108
20191009,02003,1007,228,779
20191009,02006,8341,3991,4350
20191009,02282,1409,230,1179
20191010,02003,1854,473,1381
20191010,02006,11717,5382,6335
20191010,02282,1279,260,1019
20191011,02003,1885,494,1391
20191011,02006,12403,5727,6676
20191011,02282,1429,327,1102
20191012,02003,1206,339,867
20191012,02006,9818,4751,5067
20191012,02282,1522,268,1254
20191013,02003,1072,313,759
20191013,02006,8148,4158,3990
20191013,02282,1060,203,857
20191014,02003,1705,441,1264
20191014,02006,11666,5282,6384
20191014,02282,1264,266,998
20191015,02003,1781,412,1369
20191015,02006,11620,5370,6250
20191015,02282,1290,323,967
20191016,02003,1758,432,1326
20191016,02006,12086,5458,6628
20191016,02282,1445,341,1104
20191017,02003,1822,447,1375
20191017,02006,12182,5605,6577
20191017,02282,1385,319,1066
20191018,02003,1822,492,1330
20191018,02006,13039,6157,6882
20191018,02282,1406,306,1100
20191019,02003,1238,322,916
20191019,02006,10261,4988,5273
20191019,02282,1567,327,1240
20191020,02003,1262,373,889
20191020,02006,8835,4619,4216
20191020,02282,1070,228,842
20191021,02003,1764,459,1305
20191021,02006,12015,5485,6530
20191021,02282,1290,293,997
20191022,02003,1835,462,1373
20191022,02006,11750,5421,6329
20191022,02282,1377,348,1029
20191023,02003,1940,494,1446
20191023,02006,11879,5566,6313
20191023,02282,1367,342,1025
20191024,02003,1796,431,1365
20191024,02006,12311,5717,6594
20191024,02282,1470,340,1130
20191025,02003,2201,462,1739
20191025,02006,13292,6409,6883
20191025,02282,1577,382,1195
20191026,02003,1314,391,923
20191026,02006,10938,5483,5455
20191026,02282,1646,312,1334
20191027,02003,1220,372,848
20191027,02006,9398,5059,4339
20191027,02282,1360,240,1120
20191028,02003,1792,489,1303
20191028,02006,11837,5533,6304
20191028,02282,1295,301,994
20191029,02003,1756,459,1297
20191029,02006,11881,5538,6343
20191029,02282,1313,279,1034
20191030,02003,1949,460,1489
20191030,02006,11972,5529,6443
20191030,02282,1280,306,974
20191031,02003,1920,479,1441
20191031,02006,12360,5696,6664
20191031,02282,1303,338,965
20191101,02003,1995,527,1468
20191101,02006,13191,6162,7029
20191101,02282,1629,358,1271
20191102,02003,1421,365,1056
20191102,02006,10827,5267,5560
20191102,02282,1726,354,1372
20191103,02003,1231,381,850
20191103,02006,9221,5054,4167
20191103,02282,1242,241,1001
20191104,02003,1768,466,1302
20191104,02006,12130,5593,6537
20191104,02282,1323,327,996
20191105,02003,1805,447,1358
20191105,02006,11759,5403,6356
20191105,02282,1252,297,955
20191106,02003,1779,424,1355
20191106,02006,12040,5499,6541
20191106,02282,1396,308,1088
20191107,02003,1824,453,1371
20191107,02006,12241,5645,6596
20191107,02282,1321,293,1028
20191108,02003,1956,496,1460
20191108,02006,12907,6166,6741
20191108,02282,1467,336,1131
20191109,02003,1512,382,1130
20191109,02006,10515,5250,5265
20191109,02282,1799,351,1448
20191110,02003,1162,350,812
20191110,02006,8448,4424,4024
20191110,02282,1127,229,898
20191111,02003,1809,465,1344
20191111,02006,11979,5528,6451
20191111,02282,1271,319,952
20191112,02003,1792,459,1333
20191112,02006,11675,5469,6206
20191112,02282,1303,309,994
20191113,02003,1805,431,1374
20191113,02006,11343,5179,6164
20191113,02282,1095,222,873
20191114,02003,1790,451,1339
20191114,02006,11686,5372,6314
20191114,02282,1203,274,929
20191115,02003,1805,467,1338
20191115,02006,12096,5621,6475
20191115,02282,1151,275,876
20191116,02003,1333,335,998
20191116,02006,9929,4905,5024
20191116,02282,1476,301,1175
20191117,02003,924,314,610
20191117,02006,6949,3700,3249
20191117,02282,615,122,493
20191118,02003,1704,464,1240
20191118,02006,11697,5355,6342
20191118,02282,1223,280,943
20191119,02003,1747,432,1315
20191119,02006,11570,5306,6264
20191119,02282,1128,271,857
20191120,02003,1830,474,1356
20191120,02006,11554,5286,6268
20191120,02282,1258,278,980
20191121,02003,1896,502,1394
20191121,02006,11860,5484,6376
20191121,02282,1317,289,1028
20191122,02003,2006,496,1510
20191122,02006,12768,6099,6669
20191122,02282,1405,340,1065
20191123,02003,1307,328,979
20191123,02006,9784,5016,4768
20191123,02282,1398,265,1133
20191124,02003,995,299,696
20191124,02006,7078,3759,3319
20191124,02282,778,189,589
20191125,02003,1769,450,1319
20191125,02006,11834,5472,6362
20191125,02282,1201,282,919
20191126,02003,1786,426,1360
20191126,02006,11626,5346,6280
20191126,02282,1131,286,845
20191127,02003,1806,413,1393
20191127,02006,11848,5356,6492
20191127,02282,1144,256,888
20191128,02003,1850,494,1356
20191128,02006,11684,5473,6211
20191128,02282,1221,283,938
20191129,02003,1957,502,1455
20191129,02006,12556,6024,6532
20191129,02282,1375,338,1037
20191130,02003,1275,299,976
20191130,02006,9735,4771,4964
20191130,02282,1450,238,1212
20191201,02003,973,306,667
20191201,02006,7060,3862,3198
20191201,02282,633,115,518
20191202,02003,1643,407,1236
20191202,02006,11262,5173,6089
20191202,02282,1078,235,843
20191203,02003,1751,465,1286
20191203,02006,11392,5249,6143
20191203,02282,1102,259,843
20191204,02003,1795,460,1335
20191204,02006,11739,5397,6342
20191204,02282,1235,294,941
20191205,02003,1808,434,1374
20191205,02006,11495,5233,6262
20191205,02282,1078,262,816
20191206,02003,1865,521,1344
20191206,02006,12180,5722,6458
20191206,02282,1174,277,897
20191207,02003,1245,302,943
20191207,02006,9154,4279,4875
20191207,02282,1210,191,1019
20191208,02003,917,290,627
20191208,02006,7445,3980,3465
20191208,02282,823,144,679
20191209,02003,1644,428,1216
20191209,02006,11512,5386,6126
20191209,02282,1151,239,912
20191210,02003,1754,418,1336
20191210,02006,11608,5333,6275
20191210,02282,1190,261,929
20191211,02003,1809,424,1385
20191211,02006,11365,5333,6032
20191211,02282,1182,231,951
20191212,02003,1885,473,1412
20191212,02006,11737,5479,6258
20191212,02282,1237,277,960
20191213,02003,1972,522,1450
20191213,02006,12657,6064,6593
20191213,02282,1353,327,1026
20191214,02003,1196,307,889
20191214,02006,10064,5133,4931
20191214,02282,1247,227,1020
20191215,02003,1133,337,796
20191215,02006,7975,4309,3666
20191215,02282,903,146,757
20191216,02003,1743,456,1287
20191216,02006,11565,5409,6156
20191216,02282,1290,300,990
20191217,02003,1757,433,1324
20191217,02006,11214,5351,5863
20191217,02282,1102,248,854
20191218,02003,1716,442,1274
20191218,02006,11731,5400,6331
20191218,02282,1246,281,965
20191219,02003,1829,472,1357
20191219,02006,11775,5730,6045
20191219,02282,1222,279,943
20191220,02003,1967,557,1410
20191220,02006,12861,6273,6588
20191220,02282,1401,312,1089
20191221,02003,1206,298,908
20191221,02006,9758,4902,4856
20191221,02282,1208,232,976
20191222,02003,1110,382,728
20191222,02006,7999,4315,3684
20191222,02282,957,150,807
20191223,02003,1612,505,1107
20191223,02006,11643,5615,6028
20191223,02282,1300,354,946
20191224,02003,1747,477,1270
20191224,02006,11704,5585,6119
20191224,02282,1463,329,1134
20191225,02003,1190,324,866
20191225,02006,7811,3968,3843
20191225,02282,1331,244,1087
20191226,02003,1609,436,1173
20191226,02006,11454,5531,5923
20191226,02282,1201,249,952
20191227,02003,1758,481,1277
20191227,02006,11760,5647,6113
20191227,02282,1391,330,1061
20191228,02003,1116,296,820
20191228,02006,9342,4523,4819
20191228,02282,1360,278,1082
20191229,02003,993,314,679
20191229,02006,7525,4125,3400
20191229,02282,907,175,732
20191230,02003,1449,433,1016
20191230,02006,10803,5272,5531
20191230,02282,1283,277,1006
20191231,02003,1374,388,986
20191231,02006,10523,4983,5540
20191231,02282,1212,288,924
20200101,02003,817,321,496
20200101,02006,6227,3450,2777
20200101,02282,1156,185,971
20200102,02003,1348,441,907
20200102,02006,10679,5332,5347
20200102,02282,1126,225,901
20200103,02003,1595,477,1118
20200103,02006,11342,5578,5764
20200103,02282,1265,263,1002
20200104,02003,1042,280,762
20200104,02006,8355,4017,4338
20200104,02282,1306,270,1036
20200105,02003,894,321,573
20200105,02006,7337,4076,3261
20200105,02282,855,130,725
20200106,02003,1393,421,972
20200106,02006,10710,4987,5723
20200106,02282,1018,231,787
20200107,02003,1274,382,892
20200107,02006,9822,4635,5187
20200107,02282,945,213,732
20200108,02003,1508,480,1028
20200108,02006,10708,5017,5691
20200108,02282,1121,262,859
20200109,02003,1508,457,1051
20200109,02006,10862,5140,5722
20200109,02282,1166,210,956
20200110,02003,1647,488,1159
20200110,02006,12102,5745,6357
20200110,02282,1270,321,949
20200111,02003,1128,348,780
20200111,02006,9413,4557,4856
20200111,02282,1254,229,1025
20200112,02003,1023,317,706
20200112,02006,7573,4088,3485
20200112,02282,842,136,706
20200113,02003,1406,417,989
20200113,02006,11017,5162,5855
20200113,02282,1144,249,895
20200114,02003,1430,451,979
20200114,02006,11008,5324,5684
20200114,02282,1152,239,913
20200115,02003,1438,420,1018
20200115,02006,11162,5274,5888
20200115,02282,1165,255,910
20200116,02003,1462,449,1013
20200116,02006,11046,5334,5712
20200116,02282,1158,231,927
20200117,02003,1559,495,1064
20200117,02006,11915,5827,6088
20200117,02282,1212,266,946
20200118,02003,1310,384,926
20200118,02006,8907,4595,4312
20200118,02282,1180,203,977
20200119,02003,991,299,692
20200119,02006,7378,3874,3504
20200119,02282,842,167,675
20200120,02003,1393,430,963
20200120,02006,10989,5192,5797
20200120,02282,1149,253,896
20200121,02003,1369,413,956
20200121,02006,11130,5187,5943
20200121,02282,1197,249,948
20200122,02003,1466,431,1035
20200122,02006,11468,5312,6156
20200122,02282,1208,239,969
20200123,02003,1547,450,1097
20200123,02006,11233,5111,6122
20200123,02282,1167,224,943
20200124,02003,677,174,503
20200124,02006,5899,2685,3214
20200124,02282,849,144,705
20200125,02003,838,254,584
20200125,02006,6897,3972,2925
20200125,02282,966,242,724
20200126,02003,801,361,440
20200126,02006,7070,4259,2811
20200126,02282,1017,254,763
20200127,02003,882,396,486
20200127,02006,6824,3942,2882
20200127,02282,585,124,461
20200128,02003,1218,434,784
20200128,02006,10392,5241,5151
20200128,02282,945,202,743
20200129,02003,1315,432,883
20200129,02006,10397,4982,5415
20200129,02282,933,186,747
20200130,02003,1323,393,930
20200130,02006,10289,4858,5431
20200130,02282,920,184,736
20200131,02003,1583,474,1109
20200131,02006,10727,5134,5593
20200131,02282,902,200,702
20200201,02003,931,289,642
20200201,02006,6881,3431,3450
20200201,02282,649,117,532
20200202,02003,785,265,520
20200202,02006,5792,2967,2825
20200202,02282,412,81,331
20200203,02003,1280,379,901
20200203,02006,9622,4496,5126
20200203,02282,861,152,709
20200204,02003,1321,381,940
20200204,02006,9486,4370,5116
20200204,02282,767,143,624
20200205,02003,1321,404,917
20200205,02006,9324,4291,5033
20200205,02282,717,154,563
20200206,02003,1220,373,847
20200206,02006,9030,4258,4772
20200206,02282,806,169,637
20200207,02003,1392,441,951
20200207,02006,9894,4690,5204
20200207,02282,851,189,662
20200208,02003,775,219,556
20200208,02006,6388,2958,3430
20200208,02282,640,106,534
20200209,02003,732,246,486
20200209,02006,5401,2776,2625
20200209,02282,396,69,327
20200210,02003,1229,389,840
20200210,02006,9736,4455,5281
20200210,02282,817,181,636
20200211,02003,1289,404,885
20200211,02006,9490,4422,5068
20200211,02282,862,177,685
20200212,02003,1163,350,813
20200212,02006,9027,4267,4760
20200212,02282,803,145,658
20200213,02003,1297,398,899
20200213,02006,9649,4567,5082
20200213,02282,885,169,716
20200214,02003,1441,413,1028
20200214,02006,10826,5116,5710
20200214,02282,1049,230,819
20200215,02003,963,277,686
20200215,02006,7022,3254,3768
20200215,02282,709,113,596
20200216,02003,724,238,486
20200216,02006,5739,2967,2772
20200216,02282,370,59,311
20200217,02003,1181,352,829
20200217,02006,9634,4463,5171
20200217,02282,831,178,653
20200218,02003,1233,407,826
20200218,02006,9585,4352,5233
20200218,02282,797,170,627
20200219,02003,1332,405,927
20200219,02006,9670,4409,5261
20200219,02282,841,182,659
20200220,02003,1256,414,842
20200220,02006,9674,4514,5160
20200220,02282,810,170,640
20200221,02003,1304,392,912
20200221,02006,9543,4522,5021
20200221,02282,902,219,683
20200222,02003,622,197,425
20200222,02006,5334,2608,2726
20200222,02282,512,66,446
20200223,02003,524,161,363
20200223,02006,4204,2177,2027
20200223,02282,343,62,281
20200224,02003,996,316,680
20200224,02006,8286,3766,4520
20200224,02282,676,153,523
20200225,02003,863,289,574
20200225,02006,7263,3264,3999
20200225,02282,630,129,501
20200226,02003,830,271,559
20200226,02006,7178,3221,3957
20200226,02282,676,124,552
20200227,02003,818,255,563
20200227,02006,6970,3151,3819
20200227,02282,632,129,503
20200228,02003,826,253,573
20200228,02006,6900,3181,3719
20200228,02282,609,129,480
20200229,02003,406,130,276
20200229,02006,3795,1699,2096
20200229,02282,353,51,302
20200301,02003,353,115,238
20200301,02006,2914,1388,1526
20200301,02282,229,42,187
20200302,02003,845,252,593
20200302,02006,6828,3065,3763
20200302,02282,604,103,501
20200303,02003,784,246,538
20200303,02006,6712,3002,3710
20200303,02282,578,122,456
20200304,02003,774,246,528
20200304,02006,6598,2937,3661
20200304,02282,593,110,483
20200305,02003,791,224,567
20200305,02006,6542,2917,3625
20200305,02282,581,120,461
20200306,02003,911,285,626
20200306,02006,7043,3264,3779
20200306,02282,588,122,466
20200307,02003,468,153,315
20200307,02006,4176,1947,2229
20200307,02282,394,56,338
20200308,02003,417,148,269
20200308,02006,3265,1550,1715
20200308,02282,254,37,217
20200309,02003,878,267,611
20200309,02006,7017,3226,3791
20200309,02282,627,130,497
20200310,02003,779,241,538
20200310,02006,6502,2905,3597
20200310,02282,571,122,449
20200311,02003,854,241,613
20200311,02006,6865,3163,3702
20200311,02282,628,121,507
20200312,02003,860,239,621
20200312,02006,6831,3099,3732
20200312,02282,610,133,477
20200313,02003,885,283,602
20200313,02006,7337,3279,4058
20200313,02282,566,110,456
20200314,02003,512,156,356
20200314,02006,4478,1967,2511
20200314,02282,369,37,332
20200315,02003,399,144,255
20200315,02006,3425,1694,1731
20200315,02282,236,34,202
20200316,02003,832,281,551
20200316,02006,6898,3159,3739
20200316,02282,611,113,498
20200317,02003,829,235,594
20200317,02006,6885,3128,3757
20200317,02282,615,125,490
20200318,02003,867,274,593
20200318,02006,6909,3070,3839
20200318,02282,612,125,487
20200319,02003,787,261,526
20200319,02006,6650,2992,3658
20200319,02282,550,112,438
20200320,02003,1011,317,694
20200320,02006,7477,3338,4139
20200320,02282,669,136,533
20200321,02003,502,162,340
20200321,02006,4551,2099,2452
20200321,02282,444,83,361
20200322,02003,463,170,293
20200322,02006,3646,1846,1800
20200322,02282,308,61,247
20200323,02003,888,307,581
20200323,02006,7066,3154,3912
20200323,02282,677,141,536
20200324,02003,863,300,563
20200324,02006,7102,3102,4000
20200324,02282,641,122,519
20200325,02003,817,262,555
20200325,02006,7078,3186,3892
20200325,02282,644,144,500
20200326,02003,887,291,596
20200326,02006,6989,3161,3828
20200326,02282,610,113,497
20200327,02003,929,306,623
20200327,02006,7562,3463,4099
20200327,02282,679,132,547
20200328,02003,560,194,366
20200328,02006,4537,2077,2460
20200328,02282,458,78,380
20200329,02003,502,181,321
20200329,02006,3836,1931,1905
20200329,02282,278,62,216
20200330,02003,865,278,587
20200330,02006,7298,3324,3974
20200330,02282,650,135,515
20200331,02003,843,283,560
20200331,02006,7219,3200,4019
20200331,02282,601,137,464
20200401,02003,882,263,619
20200401,02006,7302,3275,4027
20200401,02282,638,125,513
20200402,02003,905,298,607
20200402,02006,7282,3290,3992
20200402,02282,632,145,487
20200403,02003,1055,301,754
20200403,02006,7770,3552,4218
20200403,02282,628,130,498
20200404,02003,579,205,374
20200404,02006,4611,2189,2422
20200404,02282,355,46,309
20200405,02003,509,184,325
20200405,02006,3755,1954,1801
20200405,02282,267,61,206
20200406,02003,949,308,641
20200406,02006,7759,3582,4177
20200406,02282,682,149,533
20200407,02003,885,306,579
20200407,02006,7461,3392,4069
20200407,02282,732,169,563
20200408,02003,937,288,649
20200408,02006,7475,3395,4080
20200408,02282,706,134,572
20200409,02003,993,340,653
20200409,02006,7582,3485,4097
20200409,02282,691,129,562
20200410,02003,1142,354,788
20200410,02006,8182,3743,4439
20200410,02282,709,165,544
20200411,02003,613,232,381
20200411,02006,4917,2344,2573
20200411,02282,434,47,387
20200412,02003,408,146,262
20200412,02006,3922,2039,1883
20200412,02282,282,53,229
20200413,02003,922,316,606
20200413,02006,7781,3547,4234
20200413,02282,663,111,552
20200414,02003,1082,326,756
20200414,02006,8432,3766,4666
20200414,02282,701,139,562
20200415,02003,576,186,390
20200415,02006,4438,2030,2408
20200415,02282,395,66,329
20200416,02003,991,313,678
20200416,02006,7714,3520,4194
20200416,02282,689,138,551
20200417,02003,1008,320,688
20200417,02006,8012,3688,4324
20200417,02282,644,133,511
20200418,02003,693,246,447
20200418,02006,5765,2661,3104
20200418,02282,517,83,434
20200419,02003,467,165,302
20200419,02006,4100,2151,1949
20200419,02282,241,41,200
20200420,02003,992,298,694
20200420,02006,7853,3599,4254
20200420,02282,674,142,532
20200421,02003,953,307,646
20200421,02006,7883,3548,4335
20200421,02282,652,139,513
20200422,02003,950,292,658
20200422,02006,7855,3541,4314
20200422,02282,717,134,583
20200423,02003,1054,329,725
20200423,02006,8123,3625,4498
20200423,02282,715,135,580
20200424,02003,1203,372,831
20200424,02006,8710,4031,4679
20200424,02282,773,159,614
20200425,02003,800,234,566
20200425,02006,5814,2687,3127
20200425,02282,529,84,445
20200426,02003,635,223,412
20200426,02006,4954,2487,2467
20200426,02282,374,63,311
20200427,02003,1102,364,738
20200427,02006,8524,3891,4633
20200427,02282,756,147,609
20200428,02003,1112,339,773
20200428,02006,8391,3800,4591
20200428,02282,770,154,616
20200429,02003,1226,369,857
20200429,02006,9319,4211,5108
20200429,02282,876,170,706
20200430,02003,775,227,548
20200430,02006,6345,2801,3544
20200430,02282,566,86,480
01A,02006,2844,2216,628
01B,02006,2365,533,1832
103,02006,9073,2851,6222
1711,02003,19042,5047,13995
173,02006,9528,1807,7721
201,02006,4850,2108,2742
261,02006,15975,3151,12824
262,02006,6949,3076,3873
421,02282,8667,2532,6135
505,02282,6603,491,6112
507,02282,5005,945,4060
603,02006,12941,9890,3051
701,02006,20042,18475,1567
7016,02003,11083,4317,6766
7017,02006,14431,1281,13150
7021,02006,21978,1994,19984
7022,02006,12422,4158,8264
7024,02006,13824,7090,6734
702A,02006,30839,28039,2800
702B,02006,14465,13259,1206
704,02006,19720,3366,16354
708,02006,22541,6861,15680
01A,02006,3670,2945,725
01B,02006,2986,641,2345
103,02006,9540,3080,6460
1711,02003,21015,5627,15388
173,02006,10055,1917,8138
201,02006,5041,2206,2835
261,02006,17343,3425,13918
262,02006,7239,3103,4136
421,02282,9256,2783,6473
505,02282,6695,513,6182
507,02282,5071,1023,4048
603,02006,13365,10198,3167
701,02006,21012,19229,1783
7016,02003,12490,4909,7581
7017,02006,14954,1280,13674
7021,02006,23653,2071,21582
7022,02006,12478,4178,8300
7024,02006,14054,7195,6859
702A,02006,31437,28629,2808
702B,02006,15097,13840,1257
704,02006,19395,3396,15999
708,02006,24365,7211,17154
01A,02006,3704,2959,745
01B,02006,3179,740,2439
103,02006,9944,3271,6673
1711,02003,21945,5895,16050
173,02006,10882,2198,8684
201,02006,5404,2371,3033
261,02006,18757,3791,14966
262,02006,7648,3279,4369
421,02282,9922,2914,7008
505,02282,7366,595,6771
507,02282,5590,1128,4462
603,02006,15601,11852,3749
701,02006,21959,20171,1788
7016,02003,13585,5413,8172
7017,02006,16349,1434,14915
7021,02006,24663,2286,22377
7022,02006,13127,4523,8604
7024,02006,15008,7619,7389
702A,02006,33696,30537,3159
702B,02006,15840,14446,1394
704,02006,20391,3611,16780
708,02006,25812,8227,17585
9401,02006,27919,21952,5967
20200801,02003,782,246,536
20200801,02006,6750,3504,3246
20200801,02282,522,95,427
20200802,02003,649,227,422
20200802,02006,5483,3279,2204
20200802,02282,317,53,264
20200803,02003,1072,386,686
20200803,02006,9179,4816,4363
20200803,02282,714,137,577
20200804,02003,1122,353,769
20200804,02006,9489,4913,4576
20200804,02282,731,154,577
20200805,02003,1193,365,828
20200805,02006,10029,5198,4831
20200805,02282,793,140,653
20200806,02003,1163,369,794
20200806,02006,9909,5012,4897
20200806,02282,714,156,558
20200807,02003,1388,415,973
20200807,02006,11048,5583,5465
20200807,02282,791,174,617
20200808,02003,845,263,582
20200808,02006,7191,3778,3413
20200808,02282,561,79,482
20200809,02003,532,193,339
20200809,02006,5244,3081,2163
20200809,02282,269,47,222
20200810,02003,1208,403,805
20200810,02006,9791,5066,4725
20200810,02282,684,163,521
20200811,02003,1198,367,831
20200811,02006,9817,4991,4826
20200811,02282,689,167,522
20200812,02003,1303,394,909
20200812,02006,10722,5438,5284
20200812,02282,749,169,580
20200813,02003,1273,403,870
20200813,02006,10805,5444,5361
20200813,02282,800,180,620
20200814,02003,1362,444,918
20200814,02006,11015,5611,5404
20200814,02282,767,188,579
20200815,02003,617,137,480
20200815,02006,6053,3090,2963
20200815,02282,440,90,350
20200816,02003,671,230,441
20200816,02006,6231,3533,2698
20200816,02282,344,73,271
20200817,02003,698,303,395
20200817,02006,6956,3895,3061
20200817,02282,434,101,333
20200818,02003,1041,373,668
20200818,02006,9708,4943,4765
20200818,02282,711,164,547
20200819,02003,1075,341,734
20200819,02006,9042,4485,4557
20200819,02282,667,159,508
20200820,02003,1008,299,709
20200820,02006,8975,4486,4489
20200820,02282,635,136,499
20200821,02003,1035,316,719
20200821,02006,8820,4441,4379
20200821,02282,682,148,534
20200822,02003,492,168,324
20200822,02006,4670,2339,2331
20200822,02282,357,61,296
20200823,02003,397,136,261
20200823,02006,3965,2234,1731
20200823,02282,251,49,202
20200824,02003,877,281,596
20200824,02006,8184,4044,4140
20200824,02282,656,134,522
20200825,02003,882,268,614
20200825,02006,8237,4056,4181
20200825,02282,604,124,480
20200826,02003,864,277,587
20200826,02006,7731,3916,3815
20200826,02282,637,121,516
20200827,02003,861,278,583
20200827,02006,7103,3561,3542
20200827,02282,558,119,439
20200828,02003,930,261,669
20200828,02006,8146,4097,4049
20200828,02282,608,131,477
20200829,02003,444,170,274
20200829,02006,4220,2144,2076
20200829,02282,345,60,285
20200830,02003,393,173,220
20200830,02006,3590,1962,1628
20200830,02282,213,29,184
20200831,02003,909,291,618
20200831,02006,7840,3952,3888
20200831,02282,558,123,435
20200901,02003,848,278,570
20200901,02006,7458,3692,3766
20200901,02282,597,123,474
20200902,02003,764,245,519
20200902,02006,7090,3576,3514
20200902,02282,523,113,410
20200903,02003,812,242,570
20200903,02006,7033,3502,3531
20200903,02282,514,114,400
20200904,02003,948,282,666
20200904,02006,8353,4090,4263
20200904,02282,591,131,460
20200905,02003,525,161,364
20200905,02006,4967,2454,2513
20200905,02282,357,56,301
20200906,02003,433,175,258
20200906,02006,3833,2170,1663
20200906,02282,225,36,189
20200907,02003,712,221,491
20200907,02006,5998,2673,3325
20200907,02282,494,112,382
20200908,02003,879,289,590
20200908,02006,6726,2998,3728
20200908,02282,642,133,509
20200909,02003,861,257,604
20200909,02006,6743,3008,3735
20200909,02282,581,120,461
20200910,02003,918,284,634
20200910,02006,7008,3114,3894
20200910,02282,676,168,508
20200911,02003,1088,332,756
20200911,02006,7528,3397,4131
20200911,02282,646,140,506
20200912,02003,534,171,363
20200912,02006,4536,2170,2366
20200912,02282,446,83,363
20200913,02003,510,174,336
20200913,02006,3910,2038,1872
20200913,02282,271,63,208
20200914,02003,996,332,664
20200914,02006,7353,3349,4004
20200914,02282,720,153,567
20200915,02003,1017,312,705
20200915,02006,7492,3293,4199
20200915,02282,695,153,542
20200916,02003,1013,300,713
20200916,02006,7320,3319,4001
20200916,02282,681,145,536
20200917,02003,1005,312,693
20200917,02006,7353,3330,4023
20200917,02282,707,158,549
20200918,02003,1142,352,790
20200918,02006,8292,3690,4602
20200918,02282,769,167,602
20200919,02003,739,206,533
20200919,02006,5434,2579,2855
20200919,02282,565,124,441
20200920,02003,616,217,399
20200920,02006,4636,2495,2141
20200920,02282,361,86,275
20200921,02003,1069,328,741
20200921,02006,7802,3577,4225
20200921,02282,715,171,544
20200922,02003,1158,323,835
20200922,02006,7932,3590,4342
20200922,02282,737,161,576
20200923,02003,1158,382,776
20200923,02006,7727,3551,4176
20200923,02282,789,168,621
20200924,02003,1170,347,823
20200924,02006,7892,3591,4301
20200924,02282,748,156,592
20200925,02003,1250,350,900
20200925,02006,8574,3862,4712
20200925,02282,785,170,615
20200926,02003,734,207,527
20200926,02006,5796,2723,3073
20200926,02282,610,122,488
20200927,02003,622,205,417
20200927,02006,4528,2244,2284
20200927,02282,381,74,307
20200928,02003,1105,343,762
20200928,02006,8274,3620,4654
20200928,02282,722,148,574
20200929,02003,1105,317,788
20200929,02006,8066,3495,4571
20200929,02282,769,161,608
20200930,02003,512,153,359
20200930,02006,4024,1699,2325
20200930,02282,409,69,340
20201001,02003,393,110,283
20201001,02006,3430,1660,1770
20201001,02282,267,56,211
20201002,02003,497,187,310
20201002,02006,4057,2146,1911
20201002,02282,361,107,254
20201003,02003,661,204,457
20201003,02006,5923,3035,2888
20201003,02282,393,98,295
20201004,02003,608,262,346
20201004,02006,4600,2550,2050
20201004,02282,337,70,267
20201005,02003,1099,388,711
20201005,02006,8061,3846,4215
20201005,02282,756,177,579
20201006,02003,1098,347,751
20201006,02006,8132,3750,4382
20201006,02282,739,178,561
20201007,02003,1136,335,801
20201007,02006,8143,3739,4404
20201007,02282,799,175,624
20201008,02003,1275,357,918
20201008,02006,8763,4019,4744
20201008,02282,816,193,623
20201009,02003,752,222,530
20201009,02006,6138,2828,3310
20201009,02282,611,145,466
20201010,02003,865,263,602
20201010,02006,5866,2865,3001
20201010,02282,656,143,513
20201011,02003,690,262,428
20201011,02006,5150,2794,2356
20201011,02282,410,86,324
20201012,02003,1097,345,752
20201012,02006,8238,3800,4438
20201012,02282,783,174,609
20201013,02003,1179,333,846
20201013,02006,8458,3805,4653
20201013,02282,786,159,627
20201014,02003,1231,359,872
20201014,02006,8470,3823,4647
20201014,02282,784,164,620
20201015,02003,1219,349,870
20201015,02006,8328,3797,4531
20201015,02282,807,174,633
20201016,02003,1324,370,954
20201016,02006,9188,4147,5041
20201016,02282,851,195,656
20201017,02003,946,281,665
20201017,02006,6970,3338,3632
20201017,02282,701,134,567
20201018,02003,768,235,533
20201018,02006,5562,2826,2736
20201018,02282,437,99,338
20201019,02003,1202,354,848
20201019,02006,8463,3884,4579
20201019,02282,810,172,638
20201020,02003,1260,387,873
20201020,02006,8631,4002,4629
20201020,02282,889,195,694
20201021,02003,1196,372,824
20201021,02006,8586,4010,4576
20201021,02282,851,179,672
20201022,02003,1255,401,854
20201022,02006,8823,3990,4833
20201022,02282,790,175,615
20201023,02003,1373,376,997
20201023,02006,9479,4315,5164
20201023,02282,858,177,681
20201024,02003,908,270,638
20201024,02006,6869,3285,3584
20201024,02282,633,127,506
20201025,02003,817,251,566
20201025,02006,5824,3022,2802
20201025,02282,443,93,350
20201026,02003,1219,382,837
20201026,02006,8815,4069,4746
20201026,02282,786,156,630
20201027,02003,1327,392,935
20201027,02006,8786,4004,4782
20201027,02282,801,161,640
20201028,02003,1356,406,950
20201028,02006,9085,4035,5050
20201028,02282,837,179,658
20201029,02003,1337,378,959
20201029,02006,9125,4089,5036
20201029,02282,873,185,688
20201030,02003,1504,386,1118
20201030,02006,9786,4518,5268
20201030,02282,940,213,727
20201031,02003,985,282,703
20201031,02006,7298,3399,3899
20201031,02282,698,145,553
20201101,02003,723,226,497
20201101,02006,5369,2921,2448
20201101,02282,378,65,313
20201102,02003,1275,376,899
20201102,02006,8867,4114,4753
20201102,02282,815,175,640
20201103,02003,1252,369,883
20201103,02006,8638,3904,4734
20201103,02282,863,193,670
20201104,02003,1286,383,903
20201104,02006,8665,3923,4742
20201104,02282,824,166,658
20201105,02003,1271,385,886
20201105,02006,8963,4051,4912
20201105,02282,841,189,652
20201106,02003,1433,420,1013
20201106,02006,9789,4436,5353
20201106,02282,879,203,676
20201107,02003,1018,305,713
20201107,02006,7406,3533,3873
20201107,02282,732,136,596
20201108,02003,855,247,608
20201108,02006,5967,3157,2810
20201108,02282,471,103,368
20201109,02003,1257,372,885
20201109,02006,8806,4092,4714
20201109,02282,788,178,610
20201110,02003,1261,387,874
20201110,02006,8774,3938,4836
20201110,02282,835,188,647
20201111,02003,1367,405,962
20201111,02006,9405,4360,5045
20201111,02282,872,178,694
20201112,02003,1279,380,899
20201112,02006,9671,4489,5182
20201112,02282,919,204,715
20201113,02003,1608,446,1162
20201113,02006,11022,5123,5899
20201113,02282,1058,238,820
20201114,02003,1045,308,737
20201114,02006,7677,3636,4041
20201114,02282,735,148,587
20201115,02003,817,276,541
20201115,02006,6312,3396,2916
20201115,02282,524,125,399
20201116,02003,1443,408,1035
20201116,02006,9209,4277,4932
20201116,02282,836,161,675
20201117,02003,1461,362,1099
20201117,02006,9131,4069,5062
20201117,02282,825,160,665
20201118,02003,1404,359,1045
20201118,02006,8868,3989,4879
20201118,02282,772,147,625
20201119,02003,1307,341,966
20201119,02006,8545,3940,4605
20201119,02282,690,133,557
20201120,02003,1564,352,1212
20201120,02006,9620,4390,5230
20201120,02282,820,159,661
20201121,02003,883,233,650
20201121,02006,6578,3126,3452
20201121,02282,587,87,500
20201122,02003,684,233,451
20201122,02006,5075,2675,2400
20201122,02282,355,62,293
20201123,02003,1186,321,865
20201123,02006,8482,3929,4553
20201123,02282,685,139,546
20201124,02003,1207,342,865
20201124,02006,8213,3775,4438
20201124,02282,680,138,542
20201125,02003,1150,318,832
20201125,02006,8169,3668,4501
20201125,02282,725,148,577
20201126,02003,1154,318,836
20201126,02006,7809,3573,4236
20201126,02282,668,127,541
20201127,02003,1275,312,963
20201127,02006,8224,3688,4536
20201127,02282,656,141,515
20201128,02003,652,204,448
20201128,02006,5008,2327,2681
20201128,02282,416,72,344
20201129,02003,517,182,335
20201129,02006,4217,2215,2002
20201129,02282,250,44,206
20201130,02003,1035,300,735
20201130,02006,7587,3469,4118
20201130,02282,616,123,493
20201201,02003,966,268,698
20201201,02006,7414,3343,4071
20201201,02282,619,129,490
20201202,02003,1025,277,748
20201202,02006,7380,3346,4034
20201202,02282,620,115,505
20201203,02003,1098,289,809
20201203,02006,7671,3454,4217
20201203,02282,630,132,498
20201204,02003,1150,287,863
20201204,02006,7831,3586,4245
20201204,02282,696,143,553
20201205,02003,640,189,451
20201205,02006,4767,2236,2531
20201205,02282,381,68,313
20201206,02003,487,170,317
20201206,02006,3966,2055,1911
20201206,02282,266,57,209
20201207,02003,983,267,716
20201207,02006,7623,3524,4099
20201207,02282,602,129,473
20201208,02003,922,257,665
20201208,02006,7077,3170,3907
20201208,02282,547,111,436
20201209,02003,926,258,668
20201209,02006,7077,3261,3816
20201209,02282,583,108,475
20201210,02003,1002,281,721
20201210,02006,7062,3224,3838
20201210,02282,574,115,459
20201211,02003,1064,292,772
20201211,02006,7223,3358,3865
20201211,02282,656,140,516
20201212,02003,539,152,387
20201212,02006,4419,2140,2279
20201212,02282,378,57,321
20201213,02003,390,114,276
20201213,02006,3231,1684,1547
20201213,02282,189,27,162
20201214,02003,859,250,609
20201214,02006,6580,3045,3535
20201214,02282,484,107,377
20201215,02003,833,214,619
20201215,02006,6559,2923,3636
20201215,02282,512,120,392
20201216,02003,843,237,606
20201216,02006,6400,2952,3448
20201216,02282,553,114,439
20201217,02003,932,250,682
20201217,02006,6558,2992,3566
20201217,02282,536,109,427
20201218,02003,991,262,729
20201218,02006,6948,3190,3758
20201218,02282,534,115,419
20201219,02003,579,146,433
20201219,02006,4022,1897,2125
20201219,02282,331,40,291
20201220,02003,434,132,302
20201220,02006,3318,1739,1579
20201220,02282,180,29,151
20201221,02003,850,233,617
20201221,02006,6913,3172,3741
20201221,02282,563,121,442
20201222,02003,952,254,698
20201222,02006,6753,3101,3652
20201222,02282,557,116,441
20201223,02003,968,290,678
20201223,02006,6965,3141,3824
20201223,02282,561,121,440
20201224,02003,916,284,632
20201224,02006,7202,3219,3983
20201224,02282,611,158,453
20201225,02003,414,103,311
20201225,02006,3503,1628,1875
20201225,02282,271,38,233
20201226,02003,424,137,287
20201226,02006,3810,1830,1980
20201226,02282,299,51,248
20201227,02003,365,126,239
20201227,02006,3304,1721,1583
20201227,02282,185,39,146
20201228,02003,872,257,615
20201228,02006,6615,3056,3559
20201228,02282,519,104,415
20201229,02003,812,227,585
20201229,02006,6557,2983,3574
20201229,02282,552,112,440
20201230,02003,855,243,612
20201230,02006,6261,2753,3508
20201230,02282,508,109,399
20201231,02003,857,224,633
20201231,02006,6473,2905,3568
20201231,02282,516,123,393
20210101,02003,333,101,232
20210101,02006,2593,1210,1383
20210101,02282,168,35,133
20210102,02003,432,134,298
20210102,02006,3365,1686,1679
20210102,02282,273,37,236
20210103,02003,408,177,231
20210103,02006,3283,1834,1449
20210103,02282,174,36,138
20210104,02003,900,271,629
20210104,02006,6893,3220,3673
20210104,02282,542,141,401
20210105,02003,881,247,634
20210105,02006,6645,3031,3614
20210105,02282,504,91,413
20210106,02003,885,221,664
20210106,02006,6688,2930,3758
20210106,02282,542,121,421
20210107,02003,889,265,624
20210107,02006,6418,2827,3591
20210107,02282,605,177,428
20210108,02003,927,246,681
20210108,02006,6376,2880,3496
20210108,02282,481,116,365
20210109,02003,466,151,315
20210109,02006,3740,1769,1971
20210109,02282,302,49,253
20210110,02003,360,124,236
20210110,02006,3123,1579,1544
20210110,02282,177,37,140
20210111,02003,909,272,637
20210111,02006,6871,3104,3767
20210111,02282,557,123,434
20210112,02003,794,233,561
20210112,02006,6512,2840,3672
20210112,02282,489,100,389
20210113,02003,913,254,659
20210113,02006,6998,3191,3807
20210113,02282,576,119,457
20210114,02003,928,251,677
20210114,02006,7103,3247,3856
20210114,02282,590,128,462
20210115,02003,1040,274,766
20210115,02006,7405,3300,4105
20210115,02282,591,132,459
20210116,02003,526,157,369
20210116,02006,4393,2045,2348
20210116,02282,337,56,281
20210117,02003,468,163,305
20210117,02006,3595,1906,1689
20210117,02282,193,34,159
20210118,02003,973,261,712
20210118,02006,7192,3257,3935
20210118,02282,587,122,465
20210119,02003,950,272,678
20210119,02006,7009,3087,3922
20210119,02282,560,124,436
20210120,02003,1008,250,758
20210120,02006,7499,3367,4132
20210120,02282,625,141,484
20210121,02003,1051,280,771
20210121,02006,6987,3145,3842
20210121,02282,555,126,429
20210122,02003,1100,300,800
20210122,02006,7654,3485,4169
20210122,02282,655,136,519
20210123,02003,638,193,445
20210123,02006,4988,2305,2683
20210123,02282,426,69,357
20210124,02003,536,172,364
20210124,02006,4176,2124,2052
20210124,02282,237,56,181
20210125,02003,989,301,688
20210125,02006,7662,3407,4255
20210125,02282,613,138,475
20210126,02003,946,267,679
20210126,02006,7052,3165,3887
20210126,02282,608,110,498
20210127,02003,1039,275,764
20210127,02006,7526,3326,4200
20210127,02282,640,133,507
20210128,02003,949,244,705
20210128,02006,7262,3239,4023
20210128,02282,588,134,454
20210129,02003,1061,291,770
20210129,02006,7632,3414,4218
20210129,02282,555,126,429
20210130,02003,628,200,428
20210130,02006,5079,2378,2701
20210130,02282,400,62,338
20210131,02003,533,166,367
20210131,02006,4025,2024,2001
20210131,02282,252,50,202
20210201,02003,976,261,715
20210201,02006,7607,3435,4172
20210201,02282,657,146,511
20210202,02003,937,261,676
20210202,02006,7394,3294,4100
20210202,02282,614,137,477
20210203,02003,1086,299,787
20210203,02006,7668,3419,4249
20210203,02282,610,129,481
20210204,02003,1118,276,842
20210204,02006,7606,3427,4179
20210204,02282,606,145,461
20210205,02003,1124,318,806
20210205,02006,8130,3713,4417
20210205,02282,698,154,544
20210206,02003,714,183,531
20210206,02006,5116,2348,2768
20210206,02282,414,68,346
20210207,02003,593,188,405
20210207,02006,4091,1994,2097
20210207,02282,283,49,234
20210208,02003,1012,257,755
20210208,02006,8033,3545,4488
20210208,02282,596,120,476
20210209,02003,1043,292,751
20210209,02006,7717,3402,4315
20210209,02282,613,139,474
20210210,02003,1140,322,818
20210210,02006,7824,3475,4349
20210210,02282,630,139,491
20210211,02003,538,128,410
20210211,02006,3846,1616,2230
20210211,02282,272,48,224
20210212,02003,412,119,293
20210212,02006,3355,1688,1667
20210212,02282,179,44,135
20210213,02003,529,189,340
20210213,02006,4349,2380,1969
20210213,02282,244,47,197
20210214,02003,525,217,308
20210214,02006,4366,2433,1933
20210214,02282,274,53,221
20210215,02003,971,298,673
20210215,02006,7911,3746,4165
20210215,02282,575,131,444
20210216,02003,1050,282,768
20210216,02006,7941,3662,4279
20210216,02282,639,139,500
20210217,02003,996,274,722
20210217,02006,7866,3595,4271
20210217,02282,597,119,478
20210218,02003,1102,291,811
20210218,02006,7748,3601,4147
20210218,02282,609,142,467
20210219,02003,1272,328,944
20210219,02006,8343,3941,4402
20210219,02282,667,145,522
20210220,02003,829,259,570
20210220,02006,5797,2775,3022
20210220,02282,447,79,368
20210221,02003,639,185,454
20210221,02006,4818,2432,2386
20210221,02282,323,63,260
20210222,02003,1170,308,862
20210222,02006,8037,3728,4309
20210222,02282,634,136,498
20210223,02003,1108,297,811
20210223,02006,8185,3699,4486
20210223,02282,674,148,526
20210224,02003,1135,321,814
20210224,02006,8561,3931,4630
20210224,02282,693,156,537
20210225,02003,1192,348,844
20210225,02006,8469,3840,4629
20210225,02282,713,169,544
20210226,02003,1313,378,935
20210226,02006,9342,4435,4907
20210226,02282,701,158,543
20210227,02003,786,207,579
20210227,02006,6701,2996,3705
20210227,02282,501,94,407
20210228,02003,668,199,469
20210228,02006,5302,2641,2661
20210228,02282,357,84,273
20210301,02003,451,173,278
20210301,02006,4018,2186,1832
20210301,02282,262,36,226
20210302,02003,1177,339,838
20210302,02006,8113,3689,4424
20210302,02282,687,158,529
20210303,02003,1170,305,865
20210303,02006,8301,3797,4504
20210303,02282,755,184,571
20210304,02003,1115,292,823
20210304,02006,8493,3855,4638
20210304,02282,697,165,532
20210305,02003,1312,361,951
20210305,02006,9037,4126,4911
20210305,02282,760,174,586
20210306,02003,726,191,535
20210306,02006,6263,2886,3377
20210306,02282,521,89,432
20210307,02003,667,193,474
20210307,02006,5246,2719,2527
20210307,02282,282,64,218
20210308,02003,1156,322,834
20210308,02006,8273,3860,4413
20210308,02282,721,160,561
20210309,02003,1238,298,940
20210309,02006,8277,3694,4583
20210309,02282,714,154,560
20210310,02003,1258,337,921
20210310,02006,8514,3807,4707
20210310,02282,720,170,550
20210311,02003,1330,329,1001
20210311,02006,8536,3884,4652
20210311,02282,769,155,614
20210312,02003,1343,340,1003
20210312,02006,9022,4157,4865
20210312,02282,795,197,598
20210313,02003,818,231,587
20210313,02006,6626,3111,3515
20210313,02282,556,112,444
20210314,02003,659,200,459
20210314,02006,5457,2840,2617
20210314,02282,349,63,286
20210315,02003,1242,327,915
20210315,02006,8463,3935,4528
20210315,02282,694,152,542
20210316,02003,1300,297,1003
20210316,02006,8316,3776,4540
20210316,02282,762,194,568
20210317,02003,1319,353,966
20210317,02006,8755,3981,4774
20210317,02282,766,180,586
20210318,02003,1278,333,945
20210318,02006,8787,3999,4788
20210318,02282,819,195,624
20210319,02003,1403,352,1051
20210319,02006,9722,4565,5157
20210319,02282,789,197,592
20210320,02003,729,220,509
20210320,02006,5665,2605,3060
20210320,02282,466,84,382
20210321,02003,649,219,430
20210321,02006,5350,2689,2661
20210321,02282,317,68,249
20210322,02003,1288,336,952
20210322,02006,8633,3909,4724
20210322,02282,707,168,539
20210323,02003,1313,347,966
20210323,02006,8625,3818,4807
20210323,02282,747,156,591
20210324,02003,1386,351,1035
20210324,02006,8838,4002,4836
20210324,02282,773,173,600
20210325,02003,1364,351,1013
20210325,02006,8819,4090,4729
20210325,02282,779,163,616
20210326,02003,1465,363,1102
20210326,02006,9632,4435,5197
20210326,02282,865,218,647
20210327,02003,740,200,540
20210327,02006,5575,2607,2968
20210327,02282,469,80,389
20210328,02003,551,173,378
20210328,02006,5033,2620,2413
20210328,02282,283,49,234
20210329,02003,1263,350,913
20210329,02006,8763,4006,4757
20210329,02282,747,172,575
20210330,02003,1352,356,996
20210330,02006,8725,3976,4749
20210330,02282,760,157,603
20210331,02003,1334,327,1007
20210331,02006,9119,4032,5087
20210331,02282,822,227,595
20210401,02003,1377,344,1033
20210401,02006,8850,4071,4779
20210401,02282,762,200,562
20210402,02003,1446,387,1059
20210402,02006,10004,4462,5542
20210402,02282,792,197,595
20210403,02003,641,171,470
20210403,02006,4773,2337,2436
20210403,02282,430,69,361
20210404,02003,709,235,474
20210404,02006,5359,2872,2487
20210404,02282,438,124,314
20210405,02003,1330,331,999
20210405,02006,8877,4096,4781
20210405,02282,750,180,570
20210406,02003,1240,298,942
20210406,02006,8780,3967,4813
20210406,02282,802,188,614
20210407,02003,1289,316,973
20210407,02006,8792,3980,4812
20210407,02282,789,182,607
20210408,02003,1302,334,968
20210408,02006,8903,4048,4855
20210408,02282,765,186,579
20210409,02003,1501,391,1110
20210409,02006,9561,4323,5238
20210409,02282,825,219,606
20210410,02003,930,226,704
20210410,02006,6873,3153,3720
20210410,02282,639,136,503
20210411,02003,739,225,514
20210411,02006,5751,2894,2857
20210411,02282,372,107,265
20210412,02003,1086,311,775
20210412,02006,8024,3658,4366
20210412,02282,664,160,504
20210413,02003,1129,318,811
20210413,02006,8433,3730,4703
20210413,02282,727,175,552
20210414,02003,1257,348,909
20210414,02006,8663,3866,4797
20210414,02282,755,153,602
20210415,02003,1258,328,930
20210415,02006,8911,4092,4819
20210415,02282,783,185,598
20210416,02003,1280,312,968
20210416,02006,8922,4119,4803
20210416,02282,780,193,587
20210417,02003,803,219,584
20210417,02006,6260,2877,3383
20210417,02282,480,85,395
20210418,02003,695,238,457
20210418,02006,5527,2928,2599
20210418,02282,368,84,284
20210419,02003,1190,342,848
20210419,02006,8582,4010,4572
20210419,02282,758,179,579
20210420,02003,1162,318,844
20210420,02006,8487,3817,4670
20210420,02282,749,175,574
20210421,02003,1227,335,892
20210421,02006,8500,3917,4583
20210421,02282,806,183,623
20210422,02003,1249,352,897
20210422,02006,8607,3971,4636
20210422,02282,760,190,570
20210423,02003,1373,362,1011
20210423,02006,9457,4382,5075
20210423,02282,823,195,628
20210424,02003,880,231,649
20210424,02006,6740,3222,3518
20210424,02282,594,111,483
20210425,02003,724,241,483
20210425,02006,5590,2806,2784
20210425,02282,369,79,290
20210426,02003,1192,320,872
20210426,02006,8674,4030,4644
20210426,02282,711,156,555
20210427,02003,1216,309,907
20210427,02006,8403,3807,4596
20210427,02282,772,181,591
20210428,02003,1290,358,932
20210428,02006,8759,3972,4787
20210428,02282,854,218,636
20210429,02003,1276,326,950
20210429,02006,8860,4028,4832
20210429,02282,713,166,547
20210430,02003,1428,361,1067
20210430,02006,9343,4347,4996
20210430,02282,834,188,646
20210501,02003,726,198,528
20210501,02006,5883,2759,3124
20210501,02282,507,71,436
20210502,02003,772,230,542
20210502,02006,6080,3127,2953
20210502,02282,389,98,291
20210503,02003,1252,351,901
20210503,02006,9186,4205,4981
20210503,02282,835,181,654
20210504,02003,1227,303,924
20210504,02006,8463,3814,4649
20210504,02282,712,172,540
20210505,02003,872,204,668
20210505,02006,5841,2726,3115
20210505,02282,536,96,440
20210506,02003,1310,318,992
20210506,02006,8845,4032,4813
20210506,02282,790,203,587
20210507,02003,1402,359,1043
20210507,02006,9477,4353,5124
20210507,02282,782,186,596
20210508,02003,783,248,535
20210508,02006,6348,2918,3430
20210508,02282,452,88,364
20210509,02003,705,249,456
20210509,02006,6087,3299,2788
20210509,02282,394,97,297
20210510,02003,1225,365,860
20210510,02006,8793,4049,4744
20210510,02282,701,168,533
20210511,02003,1223,335,888
20210511,02006,8909,4058,4851
20210511,02282,786,191,595
20210512,02003,1387,329,1058
20210512,02006,9041,4119,4922
20210512,02282,786,191,595
20210513,02003,1310,288,1022
20210513,02006,9081,4112,4969
20210513,02282,764,198,566
20210514,02003,1457,377,1080
20210514,02006,9961,4646,5315
20210514,02282,782,168,614
20210515,02003,758,215,543
20210515,02006,6111,2856,3255
20210515,02282,525,76,449
20210516,02003,531,157,374
20210516,02006,4328,2339,1989
20210516,02282,236,47,189
20210517,02003,1161,331,830
20210517,02006,8587,3886,4701
20210517,02282,718,152,566
20210518,02003,1357,379,978
20210518,02006,9599,4438,5161
20210518,02282,845,203,642
20210519,02003,829,207,622
20210519,02006,6715,3226,3489
20210519,02282,589,116,473
20210520,02003,1252,308,944
20210520,02006,8858,4067,4791
20210520,02282,677,169,508
20210521,02003,1378,334,1044
20210521,02006,9457,4356,5101
20210521,02282,766,192,574
20210522,02003,933,237,696
20210522,02006,7100,3332,3768
20210522,02282,618,115,503
20210523,02003,825,241,584
20210523,02006,5868,3035,2833
20210523,02282,436,88,348
20210524,02003,1283,334,949
20210524,02006,8850,4080,4770
20210524,02282,736,169,567
20210525,02003,1304,337,967
20210525,02006,8476,3894,4582
20210525,02282,729,176,553
20210526,02003,1307,346,961
20210526,02006,9036,4215,4821
20210526,02282,790,189,601
20210527,02003,1241,334,907
20210527,02006,8438,3900,4538
20210527,02282,752,180,572
20210528,02003,1437,342,1095
20210528,02006,9206,4366,4840
20210528,02282,772,206,566
20210529,02003,874,226,648
20210529,02006,6353,2974,3379
20210529,02282,519,86,433
20210530,02003,769,230,539
20210530,02006,5783,3057,2726
20210530,02282,381,87,294
20210531,02003,1201,329,872
20210531,02006,8629,4105,4524
20210531,02282,725,165,560
20210601,02003,1230,307,923
20210601,02006,8450,3860,4590
20210601,02282,762,167,595
20210602,02003,1250,335,915
20210602,02006,8679,4059,4620
20210602,02282,766,191,575
20210603,02003,1192,311,881
20210603,02006,8278,3743,4535
20210603,02282,654,152,502
20210604,02003,1503,350,1153
20210604,02006,9834,4533,5301
20210604,02282,795,173,622
20210605,02003,898,220,678
20210605,02006,6866,3280,3586
20210605,02282,598,129,469
20210606,02003,727,227,500
20210606,02006,5922,3073,2849
20210606,02282,397,77,320
20210607,02003,1255,342,913
20210607,02006,8609,4042,4567
20210607,02282,746,182,564
20210608,02003,1246,322,924
20210608,02006,8911,4115,4796
20210608,02282,760,188,572
20210609,02003,1277,309,968
20210609,02006,8847,4078,4769
20210609,02282,747,188,559
20210610,02003,1283,341,942
20210610,02006,8893,4032,4861
20210610,02282,755,160,595
20210611,02003,1388,350,1038
20210611,02006,9270,4373,4897
20210611,02282,799,181,618
20210612,02003,827,190,637
20210612,02006,6672,3096,3576
20210612,02282,604,107,497
20210613,02003,656,195,461
20210613,02006,5544,2943,2601
20210613,02282,367,74,293
20210614,02003,1223,321,902
20210614,02006,8975,4212,4763
20210614,02282,688,163,525
20210615,02003,1168,287,881
20210615,02006,8642,3996,4646
20210615,02282,689,189,500
20210616,02003,1306,338,968
20210616,02006,9159,4240,4919
20210616,02282,772,197,575
20210617,02003,1277,343,934
20210617,02006,9333,4314,5019
20210617,02282,779,196,583
20210618,02003,1347,365,982
20210618,02006,9324,4455,4869
20210618,02282,759,183,576
20210619,02003,867,217,650
20210619,02006,6950,3330,3620
20210619,02282,597,94,503
20210620,02003,809,245,564
20210620,02006,5901,3149,2752
20210620,02282,347,60,287
20210621,02003,1291,349,942
20210621,02006,9443,4370,5073
20210621,02282,785,192,593
20210622,02003,1268,315,953
20210622,02006,9085,4187,4898
20210622,02282,791,189,602
20210623,02003,1302,327,975
20210623,02006,9300,4314,4986
20210623,02282,778,191,587
20210624,02003,1310,354,956
20210624,02006,9435,4476,4959
20210624,02282,812,178,634
20210625,02003,1473,402,1071
20210625,02006,10314,4863,5451
20210625,02282,870,223,647
20210626,02003,857,250,607
20210626,02006,6863,3268,3595
20210626,02282,638,146,492
20210627,02003,662,201,461
20210627,02006,5593,2867,2726
20210627,02282,360,81,279
20210628,02003,1231,338,893
20210628,02006,8919,4271,4648
20210628,02282,742,171,571
20210629,02003,1188,327,861
20210629,02006,8866,4227,4639
20210629,02282,749,178,571
20210630,02003,1265,338,927
20210630,02006,8967,4176,4791
20210630,02282,808,197,611
20210701,02003,1235,308,927
20210701,02006,9130,4264,4866
20210701,02282,813,197,616
20210702,02003,1476,379,1097
20210702,02006,9871,4703,5168
20210702,02282,817,194,623
20210703,02003,707,216,491
20210703,02006,5493,2674,2819
20210703,02282,454,71,383
20210704,02003,581,191,390
20210704,02006,4814,2644,2170
20210704,02282,256,44,212
20210705,02003,1229,362,867
20210705,02006,8808,4208,4600
20210705,02282,754,176,578
20210706,02003,1212,313,899
20210706,02006,8927,4275,4652
20210706,02282,787,198,589
20210707,02003,1261,343,918
20210707,02006,8688,4066,4622
20210707,02282,714,167,547
20210708,02003,1157,317,840
20210708,02006,8455,3971,4484
20210708,02282,718,177,541
20210709,02003,1327,338,989
20210709,02006,9126,4317,4809
20210709,02282,740,188,552
20210710,02003,672,177,495
20210710,02006,5384,2425,2959
20210710,02282,430,69,361
20210711,02003,540,159,381
20210711,02006,4546,2472,2074
20210711,02282,273,47,226
20210712,02003,1004,311,693
20210712,02006,7798,3681,4117
20210712,02282,606,139,467
20210713,02003,995,290,705
20210713,02006,7789,3553,4236
20210713,02282,618,157,461
20210714,02003,995,282,713
20210714,02006,7556,3445,4111
20210714,02282,610,166,444
20210715,02003,1013,281,732
20210715,02006,7512,3426,4086
20210715,02282,626,148,478
20210716,02003,1041,294,747
20210716,02006,7801,3664,4137
20210716,02282,569,141,428
20210717,02003,643,173,470
20210717,02006,4842,2250,2592
20210717,02282,433,72,361
20210718,02003,511,181,330
20210718,02006,4370,2329,2041
20210718,02282,264,62,202
20210719,02003,985,306,679
20210719,02006,7432,3469,3963
20210719,02282,632,179,453
20210720,02003,969,303,666
20210720,02006,7533,3463,4070
20210720,02282,688,161,527
20210721,02003,981,295,686
20210721,02006,7550,3447,4103
20210721,02282,607,155,452
20210722,02003,967,266,701
20210722,02006,7362,3364,3998
20210722,02282,629,151,478
20210723,02003,1078,327,751
20210723,02006,7857,3610,4247
20210723,02282,636,150,486
20210724,02003,565,169,396
20210724,02006,4884,2308,2576
20210724,02282,409,59,350
20210725,02003,480,153,327
20210725,02006,4051,2142,1909
20210725,02282,228,38,190
20210726,02003,997,287,710
20210726,02006,7657,3540,4117
20210726,02282,578,144,434
20210727,02003,1011,284,727
20210727,02006,7500,3461,4039
20210727,02282,620,162,458
20210728,02003,967,278,689
20210728,02006,7568,3496,4072
20210728,02282,614,156,458
20210729,02003,981,268,713
20210729,02006,7640,3466,4174
20210729,02282,684,171,513
20210730,02003,1034,296,738
20210730,02006,8239,3728,4511
20210730,02282,655,172,483
20210731,02003,629,165,464
20210731,02006,5072,2322,2750
20210731,02282,430,68,362
20210801,02003,456,156,300
20210801,02006,4031,2178,1853
20210801,02282,239,50,189
20210802,02003,967,308,659
20210802,02006,7455,3530,3925
20210802,02282,641,158,483
20210803,02003,937,291,646
20210803,02006,7470,3527,3943
20210803,02282,667,163,504
20210804,02003,989,295,694
20210804,02006,7476,3487,3989
20210804,02282,629,158,471
20210805,02003,963,271,692
20210805,02006,7753,3579,4174
20210805,02282,622,151,471
20210806,02003,1114,307,807
20210806,02006,8157,3743,4414
20210806,02282,668,161,507
20210807,02003,677,188,489
20210807,02006,5314,2531,2783
20210807,02282,458,94,364
20210808,02003,438,136,302
20210808,02006,4195,2233,1962
20210808,02282,250,66,184
20210809,02003,1055,311,744
20210809,02006,8028,3834,4194
20210809,02282,628,187,441
20210810,02003,1032,279,753
20210810,02006,7735,3554,4181
20210810,02282,584,151,433
20210811,02003,996,269,727
20210811,02006,7944,3670,4274
20210811,02282,616,148,468
20210812,02003,1010,262,748
20210812,02006,7713,3498,4215
20210812,02282,629,166,463
20210813,02003,1197,320,877
20210813,02006,8385,3812,4573
20210813,02282,687,164,523
20210814,02003,730,204,526
20210814,02006,5663,2630,3033
20210814,02282,410,85,325
20210815,02003,551,185,366
20210815,02006,4764,2450,2314
20210815,02282,334,92,242
20210816,02003,665,252,413
20210816,02006,5656,2914,2742
20210816,02282,467,94,373
20210817,02003,1028,309,719
20210817,02006,7893,3627,4266
20210817,02282,656,167,489
20210818,02003,1047,299,748
20210818,02006,8036,3603,4433
20210818,02282,682,145,537
20210819,02003,1051,327,724
20210819,02006,8022,3713,4309
20210819,02282,706,178,528
20210820,02003,1149,344,805
20210820,02006,8699,4028,4671
20210820,02282,711,179,532
20210821,02003,589,155,434
20210821,02006,4671,2202,2469
20210821,02282,386,67,319
20210822,02003,577,167,410
20210822,02006,4885,2517,2368
20210822,02282,347,83,264
20210823,02003,988,306,682
20210823,02006,7847,3717,4130
20210823,02282,612,141,471
20210824,02003,975,298,677
20210824,02006,7481,3475,4006
20210824,02282,606,152,454
20210825,02003,1026,317,709
20210825,02006,8139,3778,4361
20210825,02282,685,183,502
20210826,02003,1048,307,741
20210826,02006,8268,3799,4469
20210826,02282,732,190,542
20210827,02003,1183,354,829
20210827,02006,8447,3904,4543
20210827,02282,721,192,529
20210828,02003,719,201,518
20210828,02006,5969,2739,3230
20210828,02282,512,102,410
20210829,02003,644,238,406
20210829,02006,4911,2479,2432
20210829,02282,332,76,256
20210830,02003,1066,329,737
20210830,02006,8307,3845,4462
20210830,02282,691,172,519
20210831,02003,967,274,693
20210831,02006,7197,3316,3881
20210831,02282,648,152,496
20210901,02003,1128,307,821
20210901,02006,7792,3562,4230
20210901,02282,685,156,529
20210902,02003,1079,296,783
20210902,02006,7988,3676,4312
20210902,02282,700,165,535
20210903,02003,1252,356,896
20210903,02006,8988,4173,4815
20210903,02282,691,195,496
20210904,02003,843,220,623
20210904,02006,6335,2968,3367
20210904,02282,545,101,444
20210905,02003,707,227,480
20210905,02006,5478,2827,2651
20210905,02282,350,97,253
20210906,02003,1056,321,735
20210906,02006,7888,3689,4199
20210906,02282,660,143,517
20210907,02003,1054,281,773
20210907,02006,7159,3296,3863
20210907,02282,610,130,480
20210908,02003,1126,313,813
20210908,02006,8170,3702,4468
20210908,02282,727,175,552
20210909,02003,1173,339,834
20210909,02006,8421,3847,4574
20210909,02282,693,179,514
20210910,02003,1325,356,969
20210910,02006,8615,4067,4548
20210910,02282,682,158,524
20210911,02003,822,225,597
20210911,02006,6193,2942,3251
20210911,02282,574,103,471
20210912,02003,587,172,415
20210912,02006,5361,2766,2595
20210912,02282,352,69,283
20210913,02003,1155,344,811
20210913,02006,8515,3914,4601
20210913,02282,693,189,504
20210914,02003,1151,310,841
20210914,02006,8301,3803,4498
20210914,02282,736,185,551
20210915,02003,1245,334,911
20210915,02006,8532,3846,4686
20210915,02282,765,196,569
20210916,02003,1244,331,913
20210916,02006,8920,3947,4973
20210916,02282,800,220,580
20210917,02003,1207,320,887
20210917,02006,8683,3836,4847
20210917,02282,763,174,589
20210918,02003,728,211,517
20210918,02006,5522,2434,3088
20210918,02282,542,121,421
20210919,02003,570,163,407
20210919,02006,4569,1975,2594
20210919,02282,403,76,327
20210920,02003,546,158,388
20210920,02006,4212,2010,2202
20210920,02282,367,95,272
20210921,02003,448,156,292
20210921,02006,3809,2151,1658
20210921,02282,270,84,186
20210922,02003,583,243,340
20210922,02006,4787,2520,2267
20210922,02282,328,115,213
20210923,02003,1056,344,712
20210923,02006,8447,4292,4155
20210923,02282,696,183,513
20210924,02003,1194,327,867
20210924,02006,8689,4204,4485
20210924,02282,723,181,542
20210925,02003,811,247,564
20210925,02006,6138,2934,3204
20210925,02282,518,111,407
20210926,02003,706,231,475
20210926,02006,5231,2805,2426
20210926,02282,375,71,304
20210927,02003,1185,342,843
20210927,02006,8559,3970,4589
20210927,02282,671,151,520
20210928,02003,1096,306,790
20210928,02006,8258,3733,4525
20210928,02282,714,193,521
20210929,02003,1126,304,822
20210929,02006,7534,3492,4042
20210929,02282,668,156,512
20210930,02003,1237,306,931
20210930,02006,8365,3924,4441
20210930,02282,715,154,561
20211001,02003,1291,336,955
20211001,02006,9013,4256,4757
20211001,02282,732,170,562
20211002,02003,907,238,669
20211002,02006,6703,3218,3485
20211002,02282,645,126,519
20211003,02003,734,200,534
20211003,02006,5811,2842,2969
20211003,02282,432,102,330
20211004,02003,664,239,425
20211004,02006,5471,2888,2583
20211004,02282,453,75,378
20211005,02003,1092,311,781
20211005,02006,8387,3820,4567
20211005,02282,690,150,540
20211006,02003,1154,332,822
20211006,02006,8276,3765,4511
20211006,02282,706,167,539
20211007,02003,1200,319,881
20211007,02006,8502,3954,4548
20211007,02282,735,151,584
20211008,02003,1294,332,962
20211008,02006,8877,4214,4663
20211008,02282,750,172,578
20211009,02003,831,241,590
20211009,02006,7000,3397,3603
20211009,02282,583,121,462
20211010,02003,587,176,411
20211010,02006,5039,2604,2435
20211010,02282,382,89,293
20211011,02003,842,258,584
20211011,02006,6276,3287,2989
20211011,02282,566,131,435
20211012,02003,1226,350,876
20211012,02006,8778,4010,4768
20211012,02282,724,206,518
20211013,02003,1199,340,859
20211013,02006,8586,3909,4677
20211013,02282,719,166,553
20211014,02003,1242,334,908
20211014,02006,8740,4024,4716
20211014,02282,787,198,589
20211015,02003,1364,373,991
20211015,02006,9363,4396,4967
20211015,02282,763,171,592
20211016,02003,831,233,598
20211016,02006,6551,3069,3482
20211016,02282,618,105,513
20211017,02003,766,226,540
20211017,02006,5373,2818,2555
20211017,02282,359,78,281
20211018,02003,1138,355,783
20211018,02006,8419,3877,4542
20211018,02282,723,169,554
20211019,02003,1121,319,802
20211019,02006,8337,3794,4543
20211019,02282,730,196,534
20211020,02003,1089,320,769
20211020,02006,8199,3756,4443
20211020,02282,783,202,581
20211021,02003,1217,369,848
20211021,02006,8693,4094,4599
20211021,02282,686,150,536
20211022,02003,1394,376,1018
20211022,02006,9464,4501,4963
20211022,02282,805,207,598
20211023,02003,906,249,657
20211023,02006,7064,3368,3696
20211023,02282,649,113,536
20211024,02003,759,214,545
20211024,02006,5848,3123,2725
20211024,02282,420,90,330
20211025,02003,1199,356,843
20211025,02006,8678,4100,4578
20211025,02282,754,178,576
20211026,02003,1199,327,872
20211026,02006,8559,3992,4567
20211026,02282,757,190,567
20211027,02003,1320,328,992
20211027,02006,8941,4156,4785
20211027,02282,737,167,570
20211028,02003,1366,358,1008
20211028,02006,9008,4256,4752
20211028,02282,769,181,588
20211029,02003,1486,381,1105
20211029,02006,9821,4654,5167
20211029,02282,882,197,685
20211030,02003,1037,268,769
20211030,02006,7592,3591,4001
20211030,02282,697,162,535
20211031,02003,967,280,687
20211031,02006,6385,3408,2977
20211031,02282,453,119,334
20211101,02003,1303,348,955
20211101,02006,9033,4146,4887
20211101,02282,726,165,561
20211102,02003,1354,332,1022
20211102,02006,8924,4096,4828
20211102,02282,796,176,620
20211103,02003,1356,350,1006
20211103,02006,9319,4205,5114
20211103,02282,827,200,627
20211104,02003,1451,359,1092
20211104,02006,9515,4317,5198
20211104,02282,755,196,559
20211105,02003,1554,420,1134
20211105,02006,9982,4629,5353
20211105,02282,815,176,639
20211106,02003,1060,258,802
20211106,02006,8031,3890,4141
20211106,02282,707,136,571
20211107,02003,1037,302,735
20211107,02006,7025,3722,3303
20211107,02282,490,129,361
20211108,02003,1199,321,878
20211108,02006,8211,3830,4381
20211108,02282,652,147,505
20211109,02003,1250,310,940
20211109,02006,8541,3806,4735
20211109,02282,710,182,528
20211110,02003,1286,341,945
20211110,02006,9272,4225,5047
20211110,02282,751,171,580
20211111,02003,1350,357,993
20211111,02006,9043,4205,4838
20211111,02282,748,195,553
20211112,02003,1474,354,1120
20211112,02006,9940,4762,5178
20211112,02282,761,155,606
20211113,02003,1226,278,948
20211113,02006,7801,3782,4019
20211113,02282,672,127,545
20211114,02003,997,290,707
20211114,02006,6409,3408,3001
20211114,02282,419,77,342
20211115,02003,1316,375,941
20211115,02006,9044,4274,4770
20211115,02282,736,189,547
20211116,02003,1359,366,993
20211116,02006,8860,4186,4674
20211116,02282,746,168,578
20211117,02003,1471,407,1064
20211117,02006,9468,4223,5245
20211117,02282,818,205,613
20211118,02003,1322,348,974
20211118,02006,9203,4305,4898
20211118,02282,753,174,579
20211119,02003,1609,420,1189
20211119,02006,9896,4688,5208
20211119,02282,824,217,607
20211120,02003,1077,297,780
20211120,02006,7569,3773,3796
20211120,02282,622,112,510
20211121,02003,957,266,691
20211121,02006,6185,3297,2888
20211121,02282,372,95,277
20211122,02003,1260,353,907
20211122,02006,8772,4134,4638
20211122,02282,724,182,542
20211123,02003,1321,354,967
20211123,02006,8791,4123,4668
20211123,02282,724,167,557
20211124,02003,1414,344,1070
20211124,02006,8971,4182,4789
20211124,02282,754,175,579
20211125,02003,1467,350,1117
20211125,02006,9479,4385,5094
20211125,02282,778,182,596
20211126,02003,1503,357,1146
20211126,02006,9965,4629,5336
20211126,02282,762,190,572
20211127,02003,994,247,747
20211127,02006,7217,3464,3753
20211127,02282,623,128,495
20211128,02003,927,243,684
20211128,02006,6246,3355,2891
20211128,02282,376,72,304
20211129,02003,1324,355,969
20211129,02006,9082,4248,4834
20211129,02282,730,164,566
20211130,02003,1149,308,841
20211130,02006,8047,3758,4289
20211130,02282,737,193,544
20211201,02003,1274,326,948
20211201,02006,8763,3883,4880
20211201,02282,709,178,531
20211202,02003,1297,349,948
20211202,02006,8771,4033,4738
20211202,02282,716,179,537
20211203,02003,1428,372,1056
20211203,02006,9632,4521,5111
20211203,02282,788,179,609
20211204,02003,912,265,647
20211204,02006,6671,3175,3496
20211204,02282,580,126,454
20211205,02003,770,262,508
20211205,02006,5784,3057,2727
20211205,02282,368,72,296
20211206,02003,1288,362,926
20211206,02006,8383,3891,4492
20211206,02282,716,199,517
20211207,02003,1201,323,878
20211207,02006,8535,3883,4652
20211207,02282,740,191,549
20211208,02003,1278,333,945
20211208,02006,8762,3963,4799
20211208,02282,690,174,516
20211209,02003,1190,325,865
20211209,02006,8636,3922,4714
20211209,02282,726,171,555
20211210,02003,1335,342,993
20211210,02006,9272,4339,4933
20211210,02282,739,185,554
20211211,02003,861,261,600
20211211,02006,6140,2969,3171
20211211,02282,624,115,509
20211212,02003,721,253,468
20211212,02006,5117,2755,2362
20211212,02282,322,63,259
20211213,02003,1154,317,837
20211213,02006,8188,3835,4353
20211213,02282,681,170,511
20211214,02003,1185,308,877
20211214,02006,8123,3748,4375
20211214,02282,752,190,562
20211215,02003,1216,366,850
20211215,02006,8259,3786,4473
20211215,02282,728,189,539
20211216,02003,1270,369,901
20211216,02006,8554,3875,4679
20211216,02282,759,196,563
20211217,02003,1253,309,944
20211217,02006,8749,3994,4755
20211217,02282,751,182,569
20211218,02003,723,235,488
20211218,02006,5710,2784,2926
20211218,02282,522,93,429
20211219,02003,696,208,488
20211219,02006,5492,2872,2620
20211219,02282,354,76,278
20211220,02003,1132,296,836
20211220,02006,8397,3990,4407
20211220,02282,770,194,576
20211221,02003,1241,323,918
20211221,02006,8553,3910,4643
20211221,02282,827,211,616
20211222,02003,1266,321,945
20211222,02006,8682,3966,4716
20211222,02282,822,231,591
20211223,02003,1202,341,861
20211223,02006,8801,4077,4724
20211223,02282,856,223,633
20211224,02003,1347,360,987
20211224,02006,8868,4135,4733
20211224,02282,812,212,600
20211225,02003,634,153,481
20211225,02006,4778,2236,2542
20211225,02282,453,100,353
20211226,02003,532,190,342
20211226,02006,4494,2408,2086
20211226,02282,323,76,247
20211227,02003,1098,319,779
20211227,02006,8124,3802,4322
20211227,02282,693,167,526
20211228,02003,1093,249,844
20211228,02006,8147,3681,4466
20211228,02282,723,181,542
20211229,02003,1160,317,843
20211229,02006,8569,3932,4637
20211229,02282,734,187,547
20211230,02003,1154,309,845
20211230,02006,8216,3746,4470
20211230,02282,765,205,560
20211231,02003,1170,289,881
20211231,02006,8175,3659,4516
20211231,02282,754,203,551
20220101,02003,456,151,305
20220101,02006,4008,1982,2026
20220101,02282,296,74,222
20220102,02003,608,254,354
20220102,02006,5134,2952,2182
20220102,02282,352,91,261
20220103,02003,1069,336,733
20220103,02006,7986,3759,4227
20220103,02282,677,165,512
20220104,02003,1030,313,717
20220104,02006,7906,3588,4318
20220104,02282,679,178,501
20220105,02003,1116,322,794
20220105,02006,7906,3528,4378
20220105,02282,714,183,531
20220106,02003,1192,328,864
20220106,02006,8059,3620,4439
20220106,02282,747,189,558
20220107,02003,1264,331,933
20220107,02006,8767,4095,4672
20220107,02282,746,167,579
20220108,02003,865,239,626
20220108,02006,5965,2904,3061
20220108,02282,535,105,430
20220109,02003,675,221,454
20220109,02006,4778,2515,2263
20220109,02282,322,74,248
20220110,02003,1115,327,788
20220110,02006,8422,3884,4538
20220110,02282,720,183,537
20220111,02003,1095,293,802
20220111,02006,8134,3754,4380
20220111,02282,667,182,485
20220112,02003,1142,312,830
20220112,02006,8138,3763,4375
20220112,02282,654,192,462
20220113,02003,1045,303,742
20220113,02006,8083,3613,4470
20220113,02282,707,186,521
20220114,02003,1229,334,895
20220114,02006,8734,4102,4632
20220114,02282,791,196,595
20220115,02003,806,231,575
20220115,02006,6131,2884,3247
20220115,02282,510,88,422
20220116,02003,645,222,423
20220116,02006,5244,2735,2509
20220116,02282,323,74,249
20220117,02003,1124,291,833
20220117,02006,8209,3784,4425
20220117,02282,703,146,557
20220118,02003,1099,307,792
20220118,02006,8380,3823,4557
20220118,02282,781,197,584
20220119,02003,1186,326,860
20220119,02006,8168,3786,4382
20220119,02282,707,190,517
20220120,02003,1201,341,860
20220120,02006,8371,3822,4549
20220120,02282,757,182,575
20220121,02003,1301,396,905
20220121,02006,8878,4170,4708
20220121,02282,811,237,574
20220122,02003,821,254,567
20220122,02006,6172,2917,3255
20220122,02282,534,92,442
20220123,02003,682,207,475
20220123,02006,5194,2692,2502
20220123,02282,336,73,263
20220124,02003,1202,334,868
20220124,02006,8354,3781,4573
20220124,02282,757,189,568
20220125,02003,1163,326,837
20220125,02006,8581,3823,4758
20220125,02282,742,204,538
20220126,02003,1121,336,785
20220126,02006,8634,3860,4774
20220126,02282,770,195,575
20220127,02003,1218,333,885
20220127,02006,8661,3807,4854
20220127,02282,735,180,555
20220128,02003,1103,283,820
20220128,02006,8191,3593,4598
20220128,02282,674,190,484
20220129,02003,638,165,473
20220129,02006,4778,2106,2672
20220129,02282,458,82,376
20220130,02003,476,125,351
20220130,02006,3947,1676,2271
20220130,02282,265,47,218
20220131,02003,464,140,324
20220131,02006,3579,1694,1885
20220131,02282,257,48,209
20220201,02003,456,159,297
20220201,02006,3939,2125,1814
20220201,02282,240,65,175
20220202,02003,527,196,331
20220202,02006,4240,2255,1985
20220202,02282,297,76,221
20220203,02003,1019,298,721
20220203,02006,7821,3881,3940
20220203,02282,635,173,462
20220204,02003,1080,296,784
20220204,02006,7820,3683,4137
20220204,02282,603,167,436
20220205,02003,636,194,442
20220205,02006,4925,2342,2583
20220205,02282,423,81,342
20220206,02003,575,210,365
20220206,02006,4403,2295,2108
20220206,02282,293,73,220
20220207,02003,1027,298,729
20220207,02006,7949,3660,4289
20220207,02282,661,175,486
20220208,02003,1077,302,775
20220208,02006,7883,3557,4326
20220208,02282,665,170,495
20220209,02003,1113,298,815
20220209,02006,8091,3692,4399
20220209,02282,718,183,535
20220210,02003,1112,282,830
20220210,02006,7843,3615,4228
20220210,02282,739,186,553
20220211,02003,1266,330,936
20220211,02006,8656,4003,4653
20220211,02282,826,228,598
20220212,02003,741,192,549
20220212,02006,5802,2688,3114
20220212,02282,518,112,406
20220213,02003,584,147,437
20220213,02006,4829,2484,2345
20220213,02282,305,55,250
20220214,02003,1072,284,788
20220214,02006,7950,3676,4274
20220214,02282,645,181,464
20220215,02003,1086,281,805
20220215,02006,7868,3565,4303
20220215,02282,661,173,488
20220216,02003,1072,282,790
20220216,02006,7736,3558,4178
20220216,02282,607,154,453
20220217,02003,1080,298,782
20220217,02006,7540,3385,4155
20220217,02282,598,155,443
20220218,02003,1250,308,942
20220218,02006,8375,3938,4437
20220218,02282,682,167,515
20220219,02003,744,188,556
20220219,02006,5606,2677,2929
20220219,02282,457,96,361
20220220,02003,613,218,395
20220220,02006,4636,2415,2221
20220220,02282,268,63,205
20220221,02003,960,278,682
20220221,02006,7774,3552,4222
20220221,02282,643,175,468
20220222,02003,1012,288,724
20220222,02006,7909,3645,4264
20220222,02282,657,164,493
20220223,02003,1133,282,851
20220223,02006,7573,3491,4082
20220223,02282,657,164,493
20220224,02003,1116,293,823
20220224,02006,7895,3610,4285
20220224,02282,678,189,489
20220225,02003,1210,331,879
20220225,02006,8396,3948,4448
20220225,02282,744,185,559
20220226,02003,826,190,636
20220226,02006,5462,2532,2930
20220226,02282,461,75,386
20220227,02003,683,202,481
20220227,02006,4941,2455,2486
20220227,02282,343,90,253
20220228,02003,1064,329,735
20220228,02006,7826,3659,4167
20220228,02282,700,184,516
20220301,02003,675,185,490
20220301,02006,4806,2435,2371
20220301,02282,407,71,336
20220302,02003,1238,304,934
20220302,02006,7891,3631,4260
20220302,02282,689,177,512
20220303,02003,1254,281,973
20220303,02006,7959,3604,4355
20220303,02282,696,175,521
20220304,02003,1291,321,970
20220304,02006,8423,3887,4536
20220304,02282,682,180,502
20220305,02003,817,208,609
20220305,02006,5642,2630,3012
20220305,02282,464,93,371
20220306,02003,590,210,380
20220306,02006,4602,2337,2265
20220306,02282,295,50,245
20220307,02003,1192,268,924
20220307,02006,7794,3452,4342
20220307,02282,677,186,491
20220308,02003,1314,316,998
20220308,02006,8370,3708,4662
20220308,02282,684,168,516
20220309,02003,609,179,430
20220309,02006,4868,2251,2617
20220309,02282,427,53,374
20220310,02003,1278,324,954
20220310,02006,7977,3520,4457
20220310,02282,709,207,502
20220311,02003,1312,306,1006
20220311,02006,8446,3907,4539
20220311,02282,730,183,547
20220312,02003,763,216,547
20220312,02006,5682,2638,3044
20220312,02282,489,77,412
20220313,02003,617,168,449
20220313,02006,4335,2277,2058
20220313,02282,297,54,243
20220314,02003,1212,279,933
20220314,02006,7417,3379,4038
20220314,02282,663,149,514
20220315,02003,1253,279,974
20220315,02006,7598,3360,4238
20220315,02282,701,154,547
20220316,02003,1216,289,927
20220316,02006,7665,3363,4302
20220316,02282,683,165,518
20220317,02003,1260,289,971
20220317,02006,7577,3300,4277
20220317,02282,689,168,521
20220318,02003,1305,309,996
20220318,02006,8238,3833,4405
20220318,02282,743,172,571
20220319,02003,655,172,483
20220319,02006,5043,2422,2621
20220319,02282,536,93,443
20220320,02003,644,213,431
20220320,02006,4936,2533,2403
20220320,02282,339,52,287
20220321,02003,1234,284,950
20220321,02006,7844,3466,4378
20220321,02282,689,175,514
20220322,02003,1288,294,994
20220322,02006,7646,3435,4211
20220322,02282,693,191,502
20220323,02003,1299,288,1011
20220323,02006,7738,3468,4270
20220323,02282,707,188,519
20220324,02003,1313,304,1009
20220324,02006,8053,3663,4390
20220324,02282,746,199,547
20220325,02003,1358,301,1057
20220325,02006,8677,4023,4654
20220325,02282,847,224,623
20220326,02003,818,244,574
20220326,02006,5593,2618,2975
20220326,02282,513,100,413
20220327,02003,702,230,472
20220327,02006,5356,2720,2636
20220327,02282,391,88,303
20220328,02003,1305,325,980
20220328,02006,8174,3769,4405
20220328,02282,725,172,553
20220329,02003,1345,307,1038
20220329,02006,8148,3632,4516
20220329,02282,752,200,552
20220330,02003,1330,304,1026
20220330,02006,8047,3609,4438
20220330,02282,739,209,530
20220331,02003,1364,307,1057
20220331,02006,8513,3891,4622
20220331,02282,747,190,557
20220401,02003,1410,311,1099
20220401,02006,9310,4284,5026
20220401,02282,782,229,553
20220402,02003,1031,249,782
20220402,02006,6950,3128,3822
20220402,02282,657,133,524
20220403,02003,793,225,568
20220403,02006,5984,3149,2835
20220403,02282,389,90,299
20220404,02003,1289,303,986
20220404,02006,8569,3930,4639
20220404,02282,769,211,558
20220405,02003,1341,320,1021
20220405,02006,8244,3774,4470
20220405,02282,786,194,592
20220406,02003,1443,308,1135
20220406,02006,8754,3950,4804
20220406,02282,753,205,548
20220407,02003,1364,325,1039
20220407,02006,8956,3979,4977
20220407,02282,835,220,615
20220408,02003,1577,357,1220
20220408,02006,9804,4494,5310
20220408,02282,878,235,643
20220409,02003,1048,251,797
20220409,02006,7576,3489,4087
20220409,02282,699,178,521
20220410,02003,976,276,700
20220410,02006,6773,3466,3307
20220410,02282,488,159,329
20220411,02003,1403,350,1053
20220411,02006,9373,4223,5150
20220411,02282,839,221,618
20220412,02003,1423,342,1081
20220412,02006,8767,3935,4832
20220412,02282,829,211,618
20220413,02003,1531,345,1186
20220413,02006,8726,3955,4771
20220413,02282,838,245,593
20220414,02003,1418,339,1079
20220414,02006,9019,4182,4837
20220414,02282,819,201,618
20220415,02003,1546,354,1192
20220415,02006,9727,4507,5220
20220415,02282,843,215,628
20220416,02003,1076,257,819
20220416,02006,7497,3520,3977
20220416,02282,727,168,559
20220417,02003,751,220,531
20220417,02006,6230,3236,2994
20220417,02282,443,96,347
20220418,02003,1442,335,1107
20220418,02006,8995,4080,4915
20220418,02282,766,210,556
20220419,02003,1424,307,1117
20220419,02006,9015,3967,5048
20220419,02282,814,205,609
20220420,02003,1581,329,1252
20220420,02006,9297,4172,5125
20220420,02282,828,214,614
20220421,02003,1553,340,1213
20220421,02006,9925,4302,5623
20220421,02282,1000,312,688
20220422,02003,1589,344,1245
20220422,02006,9830,4606,5224
20220422,02282,886,231,655
20220423,02003,1020,244,776
20220423,02006,7448,3466,3982
20220423,02282,743,148,595
20220424,02003,852,235,617
20220424,02006,6331,3270,3061
20220424,02282,427,82,345
20220425,02003,1451,325,1126
20220425,02006,9202,4205,4997
20220425,02282,843,244,599
20220426,02003,1450,332,1118
20220426,02006,9269,4247,5022
20220426,02282,852,224,628
20220427,02003,1591,337,1254
20220427,02006,9668,4376,5292
20220427,02282,977,245,732
20220428,02003,1575,361,1214
20220428,02006,10152,4560,5592
20220428,02282,922,245,677
20220429,02003,1639,393,1246
20220429,02006,10547,4792,5755
20220429,02282,1017,288,729
20220430,02003,1331,324,1007
20220430,02006,8370,3861,4509
20220430,02282,757,120,637
20220501,02003,1147,295,852
20220501,02006,7842,4005,3837
20220501,02282,597,146,451
20220502,02003,1525,352,1173
20220502,02006,9871,4443,5428
20220502,02282,832,207,625
20220503,02003,1576,380,1196
20220503,02006,9944,4411,5533
20220503,02282,988,256,732
20220504,02003,1818,415,1403
20220504,02006,11160,4963,6197
20220504,02282,965,261,704
20220505,02003,1020,254,766
20220505,02006,7653,3601,4052
20220505,02282,655,137,518
20220506,02003,1652,360,1292
20220506,02006,10381,4569,5812
20220506,02282,903,210,693
20220507,02003,1090,308,782
20220507,02006,8314,4074,4240
20220507,02282,679,165,514
20220508,02003,906,315,591
20220508,02006,7155,4037,3118
20220508,02282,447,113,334
20220509,02003,1670,375,1295
20220509,02006,10422,4873,5549
20220509,02282,883,233,650
20220510,02003,1754,396,1358
20220510,02006,10146,4546,5600
20220510,02282,889,237,652
20220511,02003,1728,374,1354
20220511,02006,10056,4628,5428
20220511,02282,875,253,622
20220512,02003,1788,373,1415
20220512,02006,10514,4739,5775
20220512,02282,982,276,706
20220513,02003,1879,432,1447
20220513,02006,11292,5241,6051
20220513,02282,1023,276,747
20220514,02003,1380,318,1062
20220514,02006,8792,4207,4585
20220514,02282,810,144,666
20220515,02003,1162,287,875
20220515,02006,7651,3956,3695
20220515,02282,518,110,408
20220516,02003,1716,370,1346
20220516,02006,10191,4617,5574
20220516,02282,948,264,684
20220517,02003,1569,380,1189
20220517,02006,10324,4678,5646
20220517,02282,939,242,697
20220518,02003,1759,380,1379
20220518,02006,10174,4541,5633
20220518,02282,933,236,697
20220519,02003,1719,377,1342
20220519,02006,10164,4753,5411
20220519,02282,918,220,698
20220520,02003,1876,403,1473
20220520,02006,11355,5312,6043
20220520,02282,966,262,704
20220521,02003,1389,333,1056
20220521,02006,8818,4198,4620
20220521,02282,873,205,668
20220522,02003,1049,311,738
20220522,02006,7387,3891,3496
20220522,02282,535,124,411
20220523,02003,1643,361,1282
20220523,02006,10023,4643,5380
20220523,02282,852,228,624
20220524,02003,1732,430,1302
20220524,02006,10288,4749,5539
20220524,02282,995,292,703
20220525,02003,1843,392,1451
20220525,02006,10240,4567,5673
20220525,02282,931,258,673
20220526,02003,1817,424,1393
20220526,02006,10640,4809,5831
20220526,02282,961,253,708
20220527,02003,1956,412,1544
20220527,02006,11402,5397,6005
20220527,02282,1025,282,743
20220528,02003,1219,305,914
20220528,02006,8881,4242,4639
20220528,02282,775,162,613
20220529,02003,1154,291,863
20220529,02006,7209,3816,3393
20220529,02282,510,93,417
20220530,02003,1803,396,1407
20220530,02006,9961,4455,5506
20220530,02282,715,180,535
20220531,02003,1876,450,1426
20220531,02006,10608,4833,5775
20220531,02282,966,253,713
20220601,02003,1055,232,823
20220601,02006,6386,3038,3348
20220601,02282,628,126,502
20220602,02003,1722,385,1337
20220602,02006,10202,4674,5528
20220602,02282,895,231,664
20220603,02003,1895,398,1497
20220603,02006,11173,5183,5990
20220603,02282,980,261,719
20220604,02003,1191,279,912
20220604,02006,8555,4078,4477
20220604,02282,793,164,629
20220605,02003,1099,283,816
20220605,02006,6852,3635,3217
20220605,02282,554,115,439
20220606,02003,1042,308,734
20220606,02006,7001,3769,3232
20220606,02282,573,112,461
20220607,02003,1697,378,1319
20220607,02006,10328,4771,5557
20220607,02282,863,250,613
20220608,02003,1746,364,1382
20220608,02006,10024,4561,5463
20220608,02282,981,289,692
20220609,02003,1657,362,1295
20220609,02006,10101,4623,5478
20220609,02282,892,244,648
20220610,02003,1823,425,1398
20220610,02006,10902,5137,5765
20220610,02282,939,254,685
20220611,02003,1278,296,982
20220611,02006,8181,3991,4190
20220611,02282,777,173,604
20220612,02003,1051,253,798
20220612,02006,7064,3665,3399
20220612,02282,514,106,408
20220613,02003,1749,414,1335
20220613,02006,10062,4658,5404
20220613,02282,1217,393,824
20220614,02003,1669,399,1270
20220614,02006,9816,4527,5289
20220614,02282,965,278,687
20220615,02003,1720,366,1354
20220615,02006,9875,4621,5254
20220615,02282,886,260,626
20220616,02003,1728,385,1343
20220616,02006,10090,4667,5423
20220616,02282,936,286,650
20220617,02003,1886,435,1451
20220617,02006,11220,5285,5935
20220617,02282,1074,327,747
20220618,02003,1262,306,956
20220618,02006,8272,4063,4209
20220618,02282,803,165,638
20220619,02003,1159,334,825
20220619,02006,7346,3854,3492
20220619,02282,594,128,466
20220620,02003,1684,412,1272
20220620,02006,10165,4707,5458
20220620,02282,1122,394,728
20220621,02003,1613,359,1254
20220621,02006,10083,4732,5351
20220621,02282,974,264,710
20220622,02003,1565,395,1170
20220622,02006,10274,4807,5467
20220622,02282,946,254,692
20220623,02003,1376,397,979
20220623,02006,9215,4306,4909
20220623,02282,835,223,612
20220624,02003,1705,402,1303
20220624,02006,11080,5322,5758
20220624,02282,970,296,674
20220625,02003,1224,285,939
20220625,02006,8728,4291,4437
20220625,02282,773,172,601
20220626,02003,1000,274,726
20220626,02006,6947,3746,3201
20220626,02282,461,95,366
20220627,02003,1430,388,1042
20220627,02006,9932,4817,5115
20220627,02282,904,260,644
20220628,02003,1414,414,1000
20220628,02006,9561,4594,4967
20220628,02282,825,243,582
20220629,02003,1409,398,1011
20220629,02006,9622,4584,5038
20220629,02282,835,234,601
20220630,02003,1284,373,911
20220630,02006,8917,4268,4649
20220630,02282,859,265,594
20220701,02003,1661,416,1245
20220701,02006,10764,4915,5849
20220701,02282,1259,425,834
20220702,02003,783,150,633
20220702,02006,7143,3183,3960
20220702,02282,659,149,510
20220703,02003,996,294,702
20220703,02006,6929,3734,3195
20220703,02282,444,87,357
20220704,02003,1356,394,962
20220704,02006,10024,4638,5386
20220704,02282,1009,330,679
20220705,02003,1394,411,983
20220705,02006,9661,4494,5167
20220705,02282,957,289,668
20220706,02003,1420,385,1035
20220706,02006,10225,4793,5432
20220706,02282,956,277,679
20220707,02003,1386,398,988
20220707,02006,9904,4589,5315
20220707,02282,1002,305,697
20220708,02003,1695,436,1259
20220708,02006,10697,5130,5567
20220708,02282,932,257,675
20220709,02003,1093,277,816
20220709,02006,8289,3992,4297
20220709,02282,603,90,513
20220710,02003,933,264,669
20220710,02006,6926,3643,3283
20220710,02282,472,99,373
20220711,02003,1333,381,952
20220711,02006,9725,4599,5126
20220711,02282,952,253,699
20220712,02003,1369,372,997
20220712,02006,9899,4554,5345
20220712,02282,868,241,627
20220713,02003,1226,335,891
20220713,02006,8747,4145,4602
20220713,02282,757,217,540
20220714,02003,1355,383,972
20220714,02006,10085,4701,5384
20220714,02282,977,288,689
20220715,02003,1587,422,1165
20220715,02006,10795,5169,5626
20220715,02282,932,273,659
20220716,02003,1041,225,816
20220716,02006,7811,3467,4344
20220716,02282,703,166,537
20220717,02003,999,234,765
20220717,02006,6824,3596,3228
20220717,02282,406,68,338
20220718,02003,1357,369,988
20220718,02006,9934,4703,5231
20220718,02282,926,282,644
20220719,02003,1329,357,972
20220719,02006,9845,4569,5276
20220719,02282,960,269,691
20220720,02003,1507,383,1124
20220720,02006,10077,4785,5292
20220720,02282,929,264,665
20220721,02003,1374,401,973
20220721,02006,9674,4582,5092
20220721,02282,963,271,692
20220722,02003,1552,402,1150
20220722,02006,10545,5063,5482
20220722,02282,977,280,697
20220723,02003,966,260,706
20220723,02006,7258,3501,3757
20220723,02282,645,131,514
20220724,02003,929,243,686
20220724,02006,6630,3525,3105
20220724,02282,428,90,338
20220725,02003,1302,379,923
20220725,02006,9848,4656,5192
20220725,02282,922,268,654
20220726,02003,1358,365,993
20220726,02006,9556,4478,5078
20220726,02282,938,285,653
20220727,02003,1416,350,1066
20220727,02006,10213,4884,5329
20220727,02282,1036,265,771
20220728,02003,1367,381,986
20220728,02006,10027,4719,5308
20220728,02282,1058,308,750
20220729,02003,1592,403,1189
20220729,02006,10611,4995,5616
20220729,02282,1183,317,866
20220730,02003,909,241,668
20220730,02006,7417,3646,3771
20220730,02282,831,189,642
20220731,02003,871,235,636
20220731,02006,6110,3182,2928
20220731,02282,510,120,390
20220801,02003,1221,359,862
20220801,02006,9332,4535,4797
20220801,02282,949,262,687
20220802,02003,1200,333,867
20220802,02006,8806,4221,4585
20220802,02282,908,258,650
20220803,02003,1342,360,982
20220803,02006,9050,4404,4646
20220803,02282,930,252,678
20220804,02003,1332,361,971
20220804,02006,9393,4396,4997
20220804,02282,1019,267,752
20220805,02003,1401,400,1001
20220805,02006,10191,4752,5439
20220805,02282,1034,258,776
20220806,02003,1055,269,786
20220806,02006,7438,3588,3850
20220806,02282,776,152,624
20220807,02003,862,211,651
20220807,02006,6322,3346,2976
20220807,02282,471,92,379
20220808,02003,1241,304,937
20220808,02006,8410,3932,4478
20220808,02282,725,204,521
20220809,02003,1084,290,794
20220809,02006,8116,3791,4325
20220809,02282,757,199,558
20220810,02003,1345,347,998
20220810,02006,9579,4519,5060
20220810,02282,782,243,539
20220811,02003,1371,354,1017
20220811,02006,9302,4435,4867
20220811,02282,914,281,633
20220812,02003,1611,387,1224
20220812,02006,10243,4901,5342
20220812,02282,1070,311,759
20220813,02003,984,250,734
20220813,02006,6308,3001,3307
20220813,02282,688,151,537
20220814,02003,969,229,740
20220814,02006,6200,3272,2928
20220814,02282,511,126,385
20220815,02003,880,288,592
20220815,02006,6834,3755,3079
20220815,02282,642,130,512
20220816,02003,1288,374,914
20220816,02006,9849,4758,5091
20220816,02282,986,286,700
20220817,02003,1491,380,1111
20220817,02006,9796,4563,5233
20220817,02282,1233,426,807
20220818,02003,1444,360,1084
20220818,02006,9990,4766,5224
20220818,02282,1019,292,727
20220819,02003,1502,428,1074
20220819,02006,9874,4718,5156
20220819,02282,1001,283,718
20220820,02003,1185,282,903
20220820,02006,8075,3809,4266
20220820,02282,762,136,626
20220821,02003,1026,247,779
20220821,02006,6856,3588,3268
20220821,02282,598,125,473
20220822,02003,1445,373,1072
20220822,02006,9645,4572,5073
20220822,02282,973,256,717
20220823,02003,1350,370,980
20220823,02006,9474,4405,5069
20220823,02282,973,289,684
20220824,02003,1384,370,1014
20220824,02006,9927,4553,5374
20220824,02282,1006,285,721
20220825,02003,1318,336,982
20220825,02006,9756,4584,5172
20220825,02282,1028,291,737
20220826,02003,1646,430,1216
20220826,02006,10858,5169,5689
20220826,02282,1089,292,797
20220827,02003,1324,338,986
20220827,02006,8445,4138,4307
20220827,02282,814,175,639
20220828,02003,1132,255,877
20220828,02006,7366,3741,3625
20220828,02282,607,112,495
20220829,02003,1358,356,1002
20220829,02006,9501,4458,5043
20220829,02282,942,296,646
20220830,02003,1290,363,927
20220830,02006,8957,4272,4685
20220830,02282,932,292,640
20220831,02003,1428,389,1039
20220831,02006,10135,4774,5361
20220831,02282,1016,322,694
20220901,02003,1662,363,1299
20220901,02006,10082,4634,5448
20220901,02282,1023,270,753
20220902,02003,1785,414,1371
20220902,02006,11137,5063,6074
20220902,02282,1166,318,848
20220903,02003,1270,305,965
20220903,02006,8603,4134,4469
20220903,02282,898,167,731
20220904,02003,819,256,563
20220904,02006,5852,3007,2845
20220904,02282,510,91,419
20220905,02003,1357,333,1024
20220905,02006,8470,3847,4623
20220905,02282,750,220,530
20220906,02003,1444,335,1109
20220906,02006,8655,3735,4920
20220906,02282,793,228,565
20220907,02003,1761,365,1396
20220907,02006,11096,4827,6269
20220907,02282,1072,284,788
20220908,02003,1748,368,1380
20220908,02006,10997,4675,6322
20220908,02282,1057,288,769
20220909,02003,953,180,773
20220909,02006,6367,2712,3655
20220909,02282,654,102,552
20220910,02003,880,234,646
20220910,02006,6597,3504,3093
20220910,02282,608,205,403
20220911,02003,1027,304,723
20220911,02006,6978,4192,2786
20220911,02282,530,174,356
20220912,02003,1048,337,711
20220912,02006,7510,4336,3174
20220912,02282,619,166,453
20220913,02003,1643,437,1206
20220913,02006,10392,5032,5360
20220913,02282,1118,417,701
20220914,02003,1653,397,1256
20220914,02006,10279,4643,5636
20220914,02282,1029,294,735
20220915,02003,1690,417,1273
20220915,02006,10449,4808,5641
20220915,02282,1045,286,759
20220916,02003,1554,406,1148
20220916,02006,10413,4824,5589
20220916,02282,1029,327,702
20220917,02003,1251,302,949
20220917,02006,8134,3861,4273
20220917,02282,865,170,695
20220918,02003,1002,252,750
20220918,02006,7214,3615,3599
20220918,02282,685,119,566
20220919,02003,1631,386,1245
20220919,02006,10316,4557,5759
20220919,02282,978,283,695
20220920,02003,1635,380,1255
20220920,02006,10113,4546,5567
20220920,02282,1023,286,737
20220921,02003,1754,374,1380
20220921,02006,10241,4557,5684
20220921,02282,1005,278,727
20220922,02003,1804,393,1411
20220922,02006,10497,4702,5795
20220922,02282,1045,290,755
20220923,02003,1876,421,1455
20220923,02006,11061,5121,5940
20220923,02282,1091,314,777
20220924,02003,1227,298,929
20220924,02006,7843,3723,4120
20220924,02282,849,231,618
20220925,02003,1148,308,840
20220925,02006,7641,3841,3800
20220925,02282,657,147,510
20220926,02003,1682,403,1279
20220926,02006,10214,4676,5538
20220926,02282,996,314,682
20220927,02003,1656,378,1278
20220927,02006,10157,4543,5614
20220927,02282,1017,286,731
20220928,02003,1750,401,1349
20220928,02006,10263,4653,5610
20220928,02282,1063,305,758
20220929,02003,1805,391,1414
20220929,02006,10772,4955,5817
20220929,02282,1011,324,687
20220930,02003,2016,420,1596
20220930,02006,11378,5241,6137
20220930,02282,1107,306,801
20221001,02003,1368,320,1048
20221001,02006,8794,4179,4615
20221001,02282,791,151,640
20221002,02003,1143,275,868
20221002,02006,6646,3369,3277
20221002,02282,595,118,477
20221003,02003,667,202,465
20221003,02006,5868,3212,2656
20221003,02282,559,85,474
20221004,02003,1590,389,1201
20221004,02006,10012,4556,5456
20221004,02282,946,278,668
20221005,02003,1895,456,1439
20221005,02006,10651,4664,5987
20221005,02282,1043,325,718
20221006,02003,1760,369,1391
20221006,02006,10314,4746,5568
20221006,02282,1014,273,741
20221007,02003,2012,493,1519
20221007,02006,11371,5193,6178
20221007,02282,1129,321,808
20221008,02003,1583,361,1222
20221008,02006,9677,4677,5000
20221008,02282,1130,233,897
20221009,02003,846,222,624
20221009,02006,6434,3368,3066
20221009,02282,551,105,446
20221010,02003,998,276,722
20221010,02006,7245,3814,3431
20221010,02282,630,143,487
20221011,02003,1745,398,1347
20221011,02006,10615,4946,5669
20221011,02282,987,313,674
20221012,02003,1774,411,1363
20221012,02006,10483,4794,5689
20221012,02282,1025,278,747
20221013,02003,1826,388,1438
20221013,02006,10790,4943,5847
20221013,02282,1099,315,784
20221014,02003,1965,443,1522
20221014,02006,11283,5277,6006
20221014,02282,1126,298,828
20221015,02003,1410,348,1062
20221015,02006,8988,4402,4586
20221015,02282,861,194,667
20221016,02003,1172,294,878
20221016,02006,7659,4026,3633
20221016,02282,585,150,435
20221017,02003,1710,402,1308
20221017,02006,10192,4618,5574
20221017,02282,1058,267,791
20221018,02003,1693,378,1315
20221018,02006,10281,4646,5635
20221018,02282,1012,298,714
20221019,02003,1811,404,1407
20221019,02006,10594,4796,5798
20221019,02282,1035,290,745
20221020,02003,1820,379,1441
20221020,02006,10563,4832,5731
20221020,02282,1076,321,755
20221021,02003,1863,458,1405
20221021,02006,11211,5348,5863
20221021,02282,1125,320,805
20221022,02003,786,179,607
20221022,02006,9027,4117,4910
20221022,02282,842,219,623
20221023,02003,1132,280,852
20221023,02006,7478,3858,3620
20221023,02282,667,199,468
20221024,02003,1705,396,1309
20221024,02006,10141,4770,5371
20221024,02282,1028,281,747
20221025,02003,1629,365,1264
20221025,02006,10158,4616,5542
20221025,02282,1231,405,826
20221026,02003,1799,377,1422
20221026,02006,10697,4761,5936
20221026,02282,1120,352,768
20221027,02003,1746,389,1357
20221027,02006,10791,4913,5878
20221027,02282,1096,307,789
20221028,02003,2071,463,1608
20221028,02006,11560,5486,6074
20221028,02282,1157,334,823
20221029,02003,684,173,511
20221029,02006,8655,3908,4747
20221029,02282,1034,220,814
20221030,02003,1264,281,983
20221030,02006,8246,4278,3968
20221030,02282,599,174,425
20221031,02003,1656,388,1268
20221031,02006,10363,4720,5643
20221031,02282,983,290,693
20221101,02003,1636,356,1280
20221101,02006,10258,4584,5674
20221101,02282,1015,295,720
20221102,02003,1742,415,1327
20221102,02006,10313,4707,5606
20221102,02282,993,255,738
20221103,02003,1830,382,1448
20221103,02006,10498,4639,5859
20221103,02282,1010,302,708
20221104,02003,1935,411,1524
20221104,02006,11181,5149,6032
20221104,02282,1079,306,773
20221105,02003,1495,322,1173
20221105,02006,8720,4143,4577
20221105,02282,844,181,663
20221106,02003,1329,283,1046
20221106,02006,7879,4082,3797
20221106,02282,642,136,506
20221107,02003,1643,447,1196
20221107,02006,10400,4763,5637
20221107,02282,1242,395,847
20221108,02003,1585,356,1229
20221108,02006,10323,4692,5631
20221108,02282,1025,305,720
20221109,02003,1811,392,1419
20221109,02006,10183,4500,5683
20221109,02282,1045,288,757
20221110,02003,1789,399,1390
20221110,02006,10515,4862,5653
20221110,02282,972,272,700
20221111,02003,1996,436,1560
20221111,02006,11338,5217,6121
20221111,02282,1094,333,761
20221112,02003,917,165,752
20221112,02006,6344,2867,3477
20221112,02282,584,130,454
20221113,02003,1111,288,823
20221113,02006,7106,3749,3357
20221113,02282,533,107,426
20221114,02003,1573,372,1201
20221114,02006,9903,4567,5336
20221114,02282,1001,318,683
20221115,02003,1622,388,1234
20221115,02006,10044,4569,5475
20221115,02282,1012,302,710
20221116,02003,1705,394,1311
20221116,02006,10369,4689,5680
20221116,02282,1038,325,713
20221117,02003,1724,385,1339
20221117,02006,10342,4737,5605
20221117,02282,1018,300,718
20221118,02003,1782,421,1361
20221118,02006,11306,5236,6070
20221118,02282,1127,336,791
20221119,02003,429,122,307
20221119,02006,7897,3677,4220
20221119,02282,846,222,624
20221120,02003,963,296,667
20221120,02006,7555,4078,3477
20221120,02282,618,163,455
20221121,02003,1595,386,1209
20221121,02006,10239,4763,5476
20221121,02282,1015,325,690
20221122,02003,1560,389,1171
20221122,02006,10133,4378,5755
20221122,02282,1063,323,740
20221123,02003,1696,388,1308
20221123,02006,10190,4652,5538
20221123,02282,1095,319,776
20221124,02003,1691,406,1285
20221124,02006,10259,4679,5580
20221124,02282,1037,324,713
20221125,02003,1808,426,1382
20221125,02006,10761,5028,5733
20221125,02282,1087,334,753
20221126,02003,1116,275,841
20221126,02006,7425,3555,3870
20221126,02282,810,190,620
20221127,02003,1087,268,819
20221127,02006,7042,3739,3303
20221127,02282,516,141,375
20221128,02003,1584,419,1165
20221128,02006,9656,4490,5166
20221128,02282,887,271,616
20221129,02003,1579,339,1240
20221129,02006,9750,4416,5334
20221129,02282,955,267,688
20221130,02003,1730,367,1363
20221130,02006,10345,4682,5663
20221130,02282,1028,300,728
20221201,02003,1647,363,1284
20221201,02006,9691,4419,5272
20221201,02282,951,297,654
20221202,02003,1745,429,1316
20221202,02006,10146,4669,5477
20221202,02282,1188,437,751
20221203,02003,999,259,740
20221203,02006,6792,3254,3538
20221203,02282,809,215,594
20221204,02003,861,280,581
20221204,02006,6241,3348,2893
20221204,02282,420,88,332
20221205,02003,1541,373,1168
20221205,02006,9519,4282,5237
20221205,02282,916,282,634
20221206,02003,1516,368,1148
20221206,02006,9544,4299,5245
20221206,02282,894,271,623
20221207,02003,1671,365,1306
20221207,02006,9629,4271,5358
20221207,02282,1066,304,762
20221208,02003,1580,349,1231
20221208,02006,10006,4594,5412
20221208,02282,1034,319,715
20221209,02003,1766,437,1329
20221209,02006,10540,4940,5600
20221209,02282,1092,329,763
20221210,02003,1140,295,845
20221210,02006,7472,3577,3895
20221210,02282,796,184,612
20221211,02003,886,243,643
20221211,02006,6581,3378,3203
20221211,02282,527,145,382
20221212,02003,1585,379,1206
20221212,02006,9481,4316,5165
20221212,02282,961,296,665
20221213,02003,1600,439,1161
20221213,02006,9554,4311,5243
20221213,02282,1016,310,706
20221214,02003,1463,325,1138
20221214,02006,9344,4168,5176
20221214,02282,911,267,644
20221215,02003,1703,370,1333
20221215,02006,9688,4413,5275
20221215,02282,910,287,623
20221216,02003,1757,391,1366
20221216,02006,10421,4806,5615
20221216,02282,980,323,657
20221217,02003,1200,322,878
20221217,02006,7559,3532,4027
20221217,02282,671,149,522
20221218,02003,857,278,579
20221218,02006,6180,3287,2893
20221218,02282,468,96,372
20221219,02003,1568,387,1181
20221219,02006,9429,4381,5048
20221219,02282,916,281,635
20221220,02003,1586,432,1154
20221220,02006,9518,4386,5132
20221220,02282,954,283,671
20221221,02003,1692,408,1284
20221221,02006,10086,4645,5441
20221221,02282,954,287,667
20221222,02003,1634,425,1209
20221222,02006,9906,4601,5305
20221222,02282,986,265,721
20221223,02003,1446,378,1068
20221223,02006,9996,4614,5382
20221223,02282,938,273,665
20221224,02003,1114,308,806
20221224,02006,6910,3121,3789
20221224,02282,746,172,574
20221225,02003,998,269,729
20221225,02006,6558,3460,3098
20221225,02282,630,169,461
20221226,02003,1416,368,1048
20221226,02006,9317,4355,4962
20221226,02282,907,269,638
20221227,02003,1460,390,1070
20221227,02006,9375,4458,4917
20221227,02282,949,263,686
20221228,02003,1482,367,1115
20221228,02006,9249,4321,4928
20221228,02282,938,255,683
20221229,02003,1475,375,1100
20221229,02006,9519,4421,5098
20221229,02282,940,284,656
20221230,02003,1509,343,1166
20221230,02006,9555,4554,5001
20221230,02282,998,237,761
20221231,02003,1056,260,796
20221231,02006,6481,2939,3542
20221231,02282,706,177,529
20230101,02003,896,311,585
20230101,02006,6201,3581,2620
20230101,02282,524,170,354
20230102,02003,1214,360,854
20230102,02006,8783,4186,4597
20230102,02282,854,260,594
20230103,02003,1285,349,936
20230103,02006,8716,4031,4685
20230103,02282,885,267,618
20230104,02003,1300,385,915
20230104,02006,8955,4152,4803
20230104,02282,892,267,625
20230105,02003,1398,378,1020
20230105,02006,9253,4338,4915
20230105,02282,968,294,674
20230106,02003,1489,393,1096
20230106,02006,9893,4736,5157
20230106,02282,928,258,670
20230107,02003,907,229,678
20230107,02006,6698,3194,3504
20230107,02282,674,116,558
20230108,02003,870,276,594
20230108,02006,5933,3081,2852
20230108,02282,418,116,302
20230109,02003,1335,372,963
20230109,02006,9099,4232,4867
20230109,02282,885,265,620
20230110,02003,1267,372,895
20230110,02006,9188,4243,4945
20230110,02282,911,273,638
20230111,02003,1399,385,1014
20230111,02006,9256,4395,4861
20230111,02282,997,307,690
20230112,02003,1408,378,1030
20230112,02006,9507,4505,5002
20230112,02282,980,280,700
20230113,02003,1421,419,1002
20230113,02006,9558,4582,4976
20230113,02282,937,275,662
20230114,02003,921,267,654
20230114,02006,6447,3060,3387
20230114,02282,570,151,419
20230115,02003,844,242,602
20230115,02006,5961,3122,2839
20230115,02282,412,102,310
20230116,02003,1306,386,920
20230116,02006,9294,4292,5002
20230116,02282,896,249,647
20230117,02003,1293,352,941
20230117,02006,9215,4286,4929
20230117,02282,906,286,620
20230118,02003,1431,368,1063
20230118,02006,9430,4374,5056
20230118,02282,940,270,670
20230119,02003,1443,385,1058
20230119,02006,9098,4022,5076
20230119,02282,970,279,691
20230120,02003,1399,325,1074
20230120,02006,9176,4060,5116
20230120,02282,933,267,666
20230121,02003,681,155,526
20230121,02006,4943,2092,2851
20230121,02282,416,109,307
20230122,02003,689,199,490
20230122,02006,5463,3007,2456
20230122,02282,483,195,288
20230123,02003,752,277,475
20230123,02006,5742,3495,2247
20230123,02282,348,103,245
20230124,02003,598,291,307
20230124,02006,4643,2930,1713
20230124,02282,247,71,176
20230125,02003,1123,362,761
20230125,02006,8137,4081,4056
20230125,02282,689,216,473
20230126,02003,1347,343,1004
20230126,02006,9289,4447,4842
20230126,02282,848,270,578
20230127,02003,1410,395,1015
20230127,02006,9497,4597,4900
20230127,02282,953,280,673
20230128,02003,918,260,658
20230128,02006,6405,3135,3270
20230128,02282,645,152,493
20230129,02003,830,255,575
20230129,02006,5870,3087,2783
20230129,02282,421,82,339
20230130,02003,1272,351,921
20230130,02006,8996,4178,4818
20230130,02282,914,296,618
20230131,02003,1329,363,966
20230131,02006,9058,4362,4696
20230131,02282,969,284,685
20230201,02003,1356,325,1031
20230201,02006,9014,4160,4854
20230201,02282,942,285,657
20230202,02003,1341,346,995
20230202,02006,9178,4248,4930
20230202,02282,912,275,637
20230203,02003,1508,421,1087
20230203,02006,9880,4786,5094
20230203,02282,1010,339,671
20230204,02003,942,178,764
20230204,02006,6845,3318,3527
20230204,02282,742,166,576
20230205,02003,931,275,656
20230205,02006,6165,3255,2910
20230205,02282,509,126,383
20230206,02003,1344,384,960
20230206,02006,8972,4188,4784
20230206,02282,916,258,658
20230207,02003,1328,365,963
20230207,02006,9101,4273,4828
20230207,02282,958,276,682
20230208,02003,1328,346,982
20230208,02006,9524,4519,5005
20230208,02282,926,260,666
20230209,02003,1368,348,1020
20230209,02006,9162,4241,4921
20230209,02282,969,299,670
20230210,02003,1446,380,1066
20230210,02006,9948,4753,5195
20230210,02282,1014,278,736
20230211,02003,1102,335,767
20230211,02006,7341,3530,3811
20230211,02282,787,181,606
20230212,02003,994,271,723
20230212,02006,6378,3403,2975
20230212,02282,573,154,419
20230213,02003,1317,330,987
20230213,02006,9240,4347,4893
20230213,02282,924,280,644
20230214,02003,1425,378,1047
20230214,02006,9497,4462,5035
20230214,02282,973,253,720
20230215,02003,1387,336,1051
20230215,02006,9622,4568,5054
20230215,02282,993,318,675
20230216,02003,1425,355,1070
20230216,02006,9646,4539,5107
20230216,02282,980,299,681
20230217,02003,1492,396,1096
20230217,02006,10466,4926,5540
20230217,02282,1090,323,767
20230218,02003,1075,236,839
20230218,02006,7177,3457,3720
20230218,02282,705,170,535
20230219,02003,1032,290,742
20230219,02006,6556,3516,3040
20230219,02282,541,139,402
20230220,02003,1349,360,989
20230220,02006,9433,4543,4890
20230220,02282,968,318,650
20230221,02003,1401,349,1052
20230221,02006,9380,4415,4965
20230221,02282,1036,341,695
20230222,02003,1497,385,1112
20230222,02006,9760,4654,5106
20230222,02282,1045,314,731
20230223,02003,1491,421,1070
20230223,02006,9721,4661,5060
20230223,02282,1005,296,709
20230224,02003,1624,412,1212
20230224,02006,10537,5000,5537
20230224,02282,1106,316,790
20230225,02003,1062,230,832
20230225,02006,7545,3614,3931
20230225,02282,828,215,613
20230226,02003,1055,310,745
20230226,02006,6794,3589,3205
20230226,02282,553,151,402
20230227,02003,1454,408,1046
20230227,02006,9864,4749,5115
20230227,02282,1007,307,700
20230228,02003,1181,303,878
20230228,02006,7996,3871,4125
20230228,02282,1033,301,732
20230301,02003,865,185,680
20230301,02006,5992,3008,2984
20230301,02282,546,102,444
20230302,02003,1622,387,1235
20230302,02006,9640,4317,5323
20230302,02282,964,273,691
20230303,02003,1651,399,1252
20230303,02006,10010,4674,5336
20230303,02282,1021,301,720
20230304,02003,1138,320,818
20230304,02006,7261,3472,3789
20230304,02282,781,156,625
20230305,02003,1002,293,709
20230305,02006,6515,3501,3014
20230305,02282,500,121,379
20230306,02003,1549,377,1172
20230306,02006,9560,4371,5189
20230306,02282,924,266,658
20230307,02003,1668,370,1298
20230307,02006,9679,4244,5435
20230307,02282,949,263,686
20230308,02003,1615,371,1244
20230308,02006,9780,4430,5350
20230308,02282,954,277,677
20230309,02003,1575,318,1257
20230309,02006,9849,4433,5416
20230309,02282,934,252,682
20230310,02003,1904,398,1506
20230310,02006,10541,4890,5651
20230310,02282,1028,283,745
20230311,02003,1222,262,960
20230311,02006,7943,3693,4250
20230311,02282,785,160,625
20230312,02003,742,247,495
20230312,02006,5783,3071,2712
20230312,02282,417,77,340
20230313,02003,1561,388,1173
20230313,02006,9564,4368,5196
20230313,02282,889,242,647
20230314,02003,1513,323,1190
20230314,02006,9606,4380,5226
20230314,02282,976,276,700
20230315,02003,1640,351,1289
20230315,02006,9720,4387,5333
20230315,02282,1003,291,712
20230316,02003,1580,346,1234
20230316,02006,10168,4682,5486
20230316,02282,960,242,718
20230317,02003,1745,398,1347
20230317,02006,10604,4956,5648
20230317,02282,923,269,654
20230318,02003,1219,230,989
20230318,02006,8304,3803,4501
20230318,02282,773,182,591
20230319,02003,1008,304,704
20230319,02006,7163,3676,3487
20230319,02282,600,111,489
20230320,02003,1501,347,1154
20230320,02006,9978,4530,5448
20230320,02282,971,280,691
20230321,02003,1677,357,1320
20230321,02006,9759,4373,5386
20230321,02282,1046,281,765
20230322,02003,1589,324,1265
20230322,02006,9773,4348,5425
20230322,02282,1016,261,755
20230323,02003,1760,381,1379
20230323,02006,10200,4537,5663
20230323,02282,987,286,701
20230324,02003,1804,446,1358
20230324,02006,10533,4862,5671
20230324,02282,1030,292,738
20230325,02003,1326,275,1051
20230325,02006,8544,4023,4521
20230325,02282,895,208,687
20230326,02003,1047,245,802
20230326,02006,7069,3851,3218
20230326,02282,590,131,459
20230327,02003,1604,382,1222
20230327,02006,9847,4589,5258
20230327,02282,982,283,699
20230328,02003,1562,357,1205
20230328,02006,9867,4444,5423
20230328,02282,990,295,695
20230329,02003,1639,376,1263
20230329,02006,9950,4414,5536
20230329,02282,997,276,721
20230330,02003,1691,386,1305
20230330,02006,10039,4525,5514
20230330,02282,999,278,721
20230331,02003,1747,417,1330
20230331,02006,10971,4922,6049
20230331,02282,938,289,649
20230401,02003,1438,346,1092
20230401,02006,8688,4043,4645
20230401,02282,888,229,659
20230402,02003,1137,341,796
20230402,02006,7560,3872,3688
20230402,02282,636,184,452
20230403,02003,1637,401,1236
20230403,02006,9997,4563,5434
20230403,02282,1034,315,719
20230404,02003,1580,369,1211
20230404,02006,9810,4408,5402
20230404,02282,943,283,660
20230405,02003,1559,315,1244
20230405,02006,8804,4021,4783
20230405,02282,879,245,634
20230406,02003,1584,346,1238
20230406,02006,9658,4390,5268
20230406,02282,971,301,670
20230407,02003,1819,397,1422
20230407,02006,10422,4903,5519
20230407,02282,1078,294,784
20230408,02003,1113,247,866
20230408,02006,8035,3733,4302
20230408,02282,920,217,703
20230409,02003,1163,256,907
20230409,02006,8321,4229,4092
20230409,02282,706,176,530
20230410,02003,1669,362,1307
20230410,02006,9901,4521,5380
20230410,02282,1011,241,770
20230411,02003,1588,384,1204
20230411,02006,9069,4087,4982
20230411,02282,942,275,667
20230412,02003,1638,349,1289
20230412,02006,9798,4392,5406
20230412,02282,957,265,692
20230413,02003,1668,368,1300
20230413,02006,9811,4517,5294
20230413,02282,959,235,724
20230414,02003,1852,404,1448
20230414,02006,10491,4947,5544
20230414,02282,1025,278,747
20230415,02003,1232,224,1008
20230415,02006,7637,3617,4020
20230415,02282,785,154,631
20230416,02003,1075,272,803
20230416,02006,6761,3683,3078
20230416,02282,553,95,458
20230417,02003,1686,409,1277
20230417,02006,9648,4528,5120
20230417,02282,976,256,720
20230418,02003,1627,357,1270
20230418,02006,9239,4272,4967
20230418,02282,921,254,667
20230419,02003,1866,332,1534
20230419,02006,9539,4362,5177
20230419,02282,1063,292,771
20230420,02003,1612,355,1257
20230420,02006,9696,4337,5359
20230420,02282,1024,270,754
20230421,02003,1753,365,1388
20230421,02006,10349,4939,5410
20230421,02282,1113,324,789
20230422,02003,1338,316,1022
20230422,02006,8375,3923,4452
20230422,02282,933,213,720
20230423,02003,1070,244,826
20230423,02006,7079,3681,3398
20230423,02282,628,130,498
20230424,02003,1667,343,1324
20230424,02006,9716,4506,5210
20230424,02282,962,284,678
20230425,02003,1645,355,1290
20230425,02006,9385,4257,5128
20230425,02282,894,226,668
20230426,02003,1696,356,1340
20230426,02006,9789,4468,5321
20230426,02282,988,268,720
20230427,02003,1797,359,1438
20230427,02006,10023,4496,5527
20230427,02282,969,258,711
20230428,02003,1864,386,1478
20230428,02006,10920,5057,5863
20230428,02282,1152,309,843
20230429,02003,1198,225,973
20230429,02006,6615,3176,3439
20230429,02282,750,149,601
20230430,02003,1136,279,857
20230430,02006,7856,4018,3838
20230430,02282,654,147,507
20230501,02003,1779,297,1482
20230501,02006,7111,3425,3686
20230501,02282,792,189,603
20230502,02003,1640,382,1258
20230502,02006,9737,4541,5196
20230502,02282,1061,296,765
20230503,02003,1749,370,1379
20230503,02006,10146,4611,5535
20230503,02282,1050,284,766
20230504,02003,1824,390,1434
20230504,02006,10743,4922,5821
20230504,02282,996,265,731
20230505,02003,798,206,592
20230505,02006,5701,2743,2958
20230505,02282,590,132,458
20230506,02003,1001,257,744
20230506,02006,6439,3407,3032
20230506,02282,533,110,423
20230507,02003,1384,417,967
20230507,02006,7269,4079,3190
20230507,02282,601,146,455
20230508,02003,1631,387,1244
20230508,02006,10147,4905,5242
20230508,02282,992,296,696
20230509,02003,1539,343,1196
20230509,02006,9615,4367,5248
20230509,02282,963,270,693
20230510,02003,1759,372,1387
20230510,02006,9653,4319,5334
20230510,02282,958,238,720
20230511,02003,1733,386,1347
20230511,02006,9849,4476,5373
20230511,02282,1011,263,748
20230512,02003,2036,351,1685
20230512,02006,10648,4986,5662
20230512,02282,1108,295,813
20230513,02003,1556,282,1274
20230513,02006,7902,3722,4180
20230513,02282,862,212,650
20230514,02003,1173,309,864
20230514,02006,7354,3857,3497
20230514,02282,592,108,484
20230515,02003,1774,435,1339
20230515,02006,9756,4555,5201
20230515,02282,956,246,710
20230516,02003,1127,202,925
20230516,02006,8795,3942,4853
20230516,02282,1101,307,794
20230517,02003,784,188,596
20230517,02006,8893,3916,4977
20230517,02282,924,252,672
20230518,02003,1654,364,1290
20230518,02006,9730,4495,5235
20230518,02282,944,250,694
20230519,02003,1936,347,1589
20230519,02006,10239,4814,5425
20230519,02282,1098,304,794
20230520,02003,1387,231,1156
20230520,02006,7879,3770,4109
20230520,02282,1042,220,822
20230521,02003,1172,296,876
20230521,02006,7844,3901,3943
20230521,02282,657,125,532
20230522,02003,1636,363,1273
20230522,02006,9533,4416,5117
20230522,02282,956,250,706
20230523,02003,1683,367,1316
20230523,02006,9523,4355,5168
20230523,02282,1005,280,725
20230524,02003,1635,343,1292
20230524,02006,9691,4378,5313
20230524,02282,1005,305,700
20230525,02003,1787,397,1390
20230525,02006,10333,4653,5680
20230525,02282,1040,288,752
20230526,02003,1979,455,1524
20230526,02006,10463,4845,5618
20230526,02282,1044,255,789
20230527,02003,1105,274,831
20230527,02006,7087,3446,3641
20230527,02282,635,120,515
20230528,02003,838,244,594
20230528,02006,5622,2956,2666
20230528,02282,448,76,372
20230529,02003,1100,329,771
20230529,02006,7037,3765,3272
20230529,02282,701,140,561
20230530,02003,1737,416,1321
20230530,02006,10088,4646,5442
20230530,02282,964,271,693
20230531,02003,1647,286,1361
20230531,02006,8923,4159,4764
20230531,02282,1034,313,721
20230601,02003,1670,378,1292
20230601,02006,9500,4335,5165
20230601,02282,975,298,677
20230602,02003,1898,433,1465
20230602,02006,10299,4736,5563
20230602,02282,1018,276,742
20230603,02003,1380,315,1065
20230603,02006,7545,3560,3985
20230603,02282,908,193,715
20230604,02003,1187,340,847
20230604,02006,7195,3687,3508
20230604,02282,665,146,519
20230605,02003,1645,383,1262
20230605,02006,9455,4513,4942
20230605,02282,943,271,672
20230606,02003,1018,259,759
20230606,02006,6964,3570,3394
20230606,02282,743,176,567
20230607,02003,1696,394,1302
20230607,02006,9804,4467,5337
20230607,02282,974,270,704
20230608,02003,1736,375,1361
20230608,02006,9401,4309,5092
20230608,02282,982,270,712
20230609,02003,1808,438,1370
20230609,02006,10520,4828,5692
20230609,02282,1059,311,748
20230610,02003,1159,306,853
20230610,02006,7280,3465,3815
20230610,02282,730,154,576
20230611,02003,1015,306,709
20230611,02006,6411,3464,2947
20230611,02282,547,130,417
20230612,02003,1680,368,1312
20230612,02006,9696,4446,5250
20230612,02282,900,271,629
20230613,02003,1687,414,1273
20230613,02006,9619,4315,5304
20230613,02282,969,298,671
20230614,02003,1612,346,1266
20230614,02006,9533,4386,5147
20230614,02282,919,241,678
20230615,02003,1724,423,1301
20230615,02006,9750,4485,5265
20230615,02282,940,254,686
20230616,02003,1833,439,1394
20230616,02006,10328,4960,5368
20230616,02282,1004,281,723
20230617,02003,1475,329,1146
20230617,02006,8054,3793,4261
20230617,02282,840,167,673
20230618,02003,1096,302,794
20230618,02006,7349,3954,3395
20230618,02282,650,133,517
20230619,02003,1569,362,1207
20230619,02006,9549,4477,5072
20230619,02282,955,249,706
20230620,02003,1603,369,1234
20230620,02006,9475,4392,5083
20230620,02282,948,250,698
20230621,02003,1721,365,1356
20230621,02006,8793,4108,4685
20230621,02282,935,276,659
20230622,02003,1718,446,1272
20230622,02006,9909,4616,5293
20230622,02282,1091,291,800
20230623,02003,1917,516,1401
20230623,02006,10727,5066,5661
20230623,02282,1018,273,745
20230624,02003,1310,327,983
20230624,02006,7843,3725,4118
20230624,02282,911,197,714
20230625,02003,999,312,687
20230625,02006,7154,3739,3415
20230625,02282,590,156,434
20230626,02003,1429,374,1055
20230626,02006,8857,4199,4658
20230626,02282,899,247,652
20230627,02003,1457,352,1105
20230627,02006,9412,4344,5068
20230627,02282,1069,313,756
20230628,02003,1530,378,1152
20230628,02006,9768,4510,5258
20230628,02282,1033,301,732
20230629,02003,1386,372,1014
20230629,02006,8658,4019,4639
20230629,02282,829,242,587
20230630,02003,1691,412,1279
20230630,02006,10201,4924,5277
20230630,02282,1065,283,782
20230701,02003,1261,244,1017
20230701,02006,7620,3315,4305
20230701,02282,797,204,593
20230702,02003,1031,332,699
20230702,02006,6745,3573,3172
20230702,02282,568,139,429
20230703,02003,1342,370,972
20230703,02006,9186,4268,4918
20230703,02282,977,259,718
20230704,02003,1333,371,962
20230704,02006,8385,3862,4523
20230704,02282,871,237,634
20230705,02003,1509,368,1141
20230705,02006,9238,4259,4979
20230705,02282,950,264,686
20230706,02003,1502,325,1177
20230706,02006,9484,4281,5203
20230706,02282,1084,304,780
20230707,02003,1692,455,1237
20230707,02006,10374,4784,5590
20230707,02282,1017,273,744
20230708,02003,1203,291,912
20230708,02006,7734,3467,4267
20230708,02282,874,192,682
20230709,02003,824,272,552
20230709,02006,6162,3320,2842
20230709,02282,483,115,368
20230710,02003,1352,346,1006
20230710,02006,9049,4248,4801
20230710,02282,1006,313,693
20230711,02003,1261,322,939
20230711,02006,8365,3891,4474
20230711,02282,889,263,626
20230712,02003,1402,392,1010
20230712,02006,9172,4315,4857
20230712,02282,998,285,713
20230713,02003,1135,308,827
20230713,02006,7814,3555,4259
20230713,02282,758,229,529
20230714,02003,1426,333,1093
20230714,02006,8627,4125,4502
20230714,02282,876,234,642
20230715,02003,924,253,671
20230715,02006,6328,2845,3483
20230715,02282,692,140,552
20230716,02003,970,308,662
20230716,02006,6017,3154,2863
20230716,02282,518,108,410
20230717,02003,1331,415,916
20230717,02006,8877,4125,4752
20230717,02282,895,231,664
20230718,02003,1279,337,942
20230718,02006,8766,4089,4677
20230718,02282,957,267,690
20230719,02003,1341,382,959
20230719,02006,9045,4076,4969
20230719,02282,1014,275,739
20230720,02003,1433,420,1013
20230720,02006,9239,4292,4947
20230720,02282,1036,312,724
20230721,02003,1571,430,1141
20230721,02006,9784,4461,5323
20230721,02282,1005,266,739
20230722,02003,1105,334,771
20230722,02006,6470,2907,3563
20230722,02282,771,178,593
20230723,02003,893,279,614
20230723,02006,5412,2888,2524
20230723,02282,487,101,386
20230724,02003,1383,387,996
20230724,02006,9061,4216,4845
20230724,02282,955,245,710
20230725,02003,1377,361,1016
20230725,02006,9239,4296,4943
20230725,02282,1066,323,743
20230726,02003,1457,393,1064
20230726,02006,9593,4444,5149
20230726,02282,1086,275,811
20230727,02003,1562,389,1173
20230727,02006,9543,4509,5034
20230727,02282,1041,292,749
20230728,02003,1707,438,1269
20230728,02006,10127,4714,5413
20230728,02282,1035,288,747
20230729,02003,1355,345,1010
20230729,02006,6491,3029,3462
20230729,02282,814,179,635
20230730,02003,1006,354,652
20230730,02006,6318,3434,2884
20230730,02282,584,133,451
20230731,02003,1311,365,946
20230731,02006,9291,4338,4953
20230731,02282,928,265,663
20230801,02003,1357,409,948
20230801,02006,9187,4385,4802
20230801,02282,946,283,663
20230802,02003,1413,377,1036
20230802,02006,9077,4283,4794
20230802,02282,952,265,687
20230803,02003,1417,367,1050
20230803,02006,8900,4306,4594
20230803,02282,861,243,618
20230804,02003,1617,440,1177
20230804,02006,9592,4553,5039
20230804,02282,1035,316,719
20230805,02003,1253,280,973
20230805,02006,6647,3233,3414
20230805,02282,653,127,526
20230806,02003,970,337,633
20230806,02006,6266,3446,2820
20230806,02282,560,133,427
20230807,02003,1238,367,871
20230807,02006,8825,4163,4662
20230807,02282,961,288,673
20230808,02003,1370,398,972
20230808,02006,9230,4364,4866
20230808,02282,943,299,644
20230809,02003,1416,400,1016
20230809,02006,9431,4504,4927
20230809,02282,954,287,667
20230810,02003,905,239,666
20230810,02006,6330,2898,3432
20230810,02282,642,200,442
20230811,02003,1408,364,1044
20230811,02006,8949,4170,4779
20230811,02282,884,240,644
20230812,02003,1178,321,857
20230812,02006,7150,3309,3841
20230812,02282,769,156,613
20230813,02003,1012,313,699
20230813,02006,6691,3525,3166
20230813,02282,664,199,465
20230814,02003,1322,391,931
20230814,02006,8736,4236,4500
20230814,02282,986,341,645
20230815,02003,1051,309,742
20230815,02006,6892,3610,3282
20230815,02282,712,181,531
20230816,02003,1434,434,1000
20230816,02006,9287,4342,4945
20230816,02282,974,288,686
20230817,02003,1413,402,1011
20230817,02006,9591,4410,5181
20230817,02282,1006,277,729
20230818,02003,1697,467,1230
20230818,02006,10299,4812,5487
20230818,02282,1018,277,741
20230819,02003,1123,327,796
20230819,02006,7295,3408,3887
20230819,02282,808,142,666
20230820,02003,1034,342,692
20230820,02006,6323,3362,2961
20230820,02282,561,130,431
20230821,02003,1302,394,908
20230821,02006,9202,4283,4919
20230821,02282,951,288,663
20230822,02003,1364,387,977
20230822,02006,8565,3940,4625
20230822,02282,939,251,688
20230823,02003,1374,380,994
20230823,02006,8333,3803,4530
20230823,02282,843,241,602
20230824,02003,1439,393,1046
20230824,02006,8809,4182,4627
20230824,02282,996,268,728
20230825,02003,1606,461,1145
20230825,02006,10329,4923,5406
20230825,02282,1093,268,825
20230826,02003,1203,329,874
20230826,02006,7602,3556,4046
20230826,02282,834,191,643
20230827,02003,1054,326,728
20230827,02006,6889,3602,3287
20230827,02282,675,169,506
20230828,02003,1349,358,991
20230828,02006,9027,4334,4693
20230828,02282,957,264,693
20230829,02003,1341,406,935
20230829,02006,8745,4187,4558
20230829,02282,893,255,638
20230830,02003,1407,383,1024
20230830,02006,9287,4326,4961
20230830,02282,1098,314,784
20230831,02003,1548,432,1116
20230831,02006,9401,4380,5021
20230831,02282,1016,321,695
20230901,02003,1799,444,1355
20230901,02006,10330,4768,5562
20230901,02282,1079,315,764
20230902,02003,1398,334,1064
20230902,02006,7886,3700,4186
20230902,02282,821,163,658
20230903,02003,1132,329,803
20230903,02006,6834,3619,3215
20230903,02282,630,121,509
20230904,02003,1595,390,1205
20230904,02006,9380,4239,5141
20230904,02282,946,273,673
20230905,02003,1646,370,1276
20230905,02006,9573,4250,5323
20230905,02282,1044,292,752
20230906,02003,1651,374,1277
20230906,02006,9434,4314,5120
20230906,02282,1024,307,717
20230907,02003,1672,399,1273
20230907,02006,9607,4338,5269
20230907,02282,1068,329,739
20230908,02003,1825,461,1364
20230908,02006,10627,4945,5682
20230908,02282,1059,307,752
20230909,02003,1386,370,1016
20230909,02006,8047,3720,4327
20230909,02282,879,194,685
20230910,02003,1134,318,816
20230910,02006,7327,3744,3583
20230910,02282,660,146,514
20230911,02003,1599,414,1185
20230911,02006,9742,4378,5364
20230911,02282,1004,301,703
20230912,02003,1711,381,1330
20230912,02006,9602,4266,5336
20230912,02282,1000,306,694
20230913,02003,1566,364,1202
20230913,02006,9210,4137,5073
20230913,02282,973,277,696
20230914,02003,1777,397,1380
20230914,02006,9768,4423,5345
20230914,02282,1157,333,824
20230915,02003,1804,453,1351
20230915,02006,10219,4653,5566
20230915,02282,1013,276,737
20230916,02003,906,238,668
20230916,02006,7281,3473,3808
20230916,02282,880,178,702
20230917,02003,1160,332,828
20230917,02006,6863,3494,3369
20230917,02282,629,143,486
20230918,02003,1693,416,1277
20230918,02006,9745,4465,5280
20230918,02282,1045,288,757
20230919,02003,1743,448,1295
20230919,02006,9814,4459,5355
20230919,02282,1055,314,741
20230920,02003,1550,367,1183
20230920,02006,8976,4088,4888
20230920,02282,901,274,627
20230921,02003,1720,405,1315
20230921,02006,9889,4466,5423
20230921,02282,1074,325,749
20230922,02003,1965,485,1480
20230922,02006,10578,4922,5656
20230922,02282,1127,306,821
20230923,02003,1172,267,905
20230923,02006,8199,3793,4406
20230923,02282,905,208,697
20230924,02003,1313,340,973
20230924,02006,7035,3447,3588
20230924,02282,627,129,498
20230925,02003,1648,402,1246
20230925,02006,9680,4336,5344
20230925,02282,945,278,667
20230926,02003,776,219,557
20230926,02006,7300,3132,4168
20230926,02282,914,262,652
20230927,02003,1712,336,1376
20230927,02006,10250,4387,5863
20230927,02282,1001,264,737
20230928,02003,897,190,707
20230928,02006,6303,2609,3694
20230928,02282,646,114,532
20230929,02003,1145,253,892
20230929,02006,6580,3385,3195
20230929,02282,670,270,400
20230930,02003,1000,288,712
20230930,02006,6908,3942,2966
20230930,02282,548,175,373
20231001,02003,1186,376,810
20231001,02006,7425,4279,3146
20231001,02282,636,187,449
20231002,02003,1181,374,807
20231002,02006,7853,4418,3435
20231002,02282,772,219,553
20231003,02003,1115,389,726
20231003,02006,7091,4102,2989
20231003,02282,710,170,540
20231004,02003,1505,399,1106
20231004,02006,9352,4313,5039
20231004,02282,945,251,694
20231005,02003,1644,358,1286
20231005,02006,9433,4270,5163
20231005,02282,1014,301,713
20231006,02003,1741,434,1307
20231006,02006,10189,4887,5302
20231006,02282,1048,273,775
20231007,02003,1602,542,1060
20231007,02006,8745,4373,4372
20231007,02282,1205,231,974
20231008,02003,1265,335,930
20231008,02006,7546,3664,3882
20231008,02282,712,152,560
20231009,02003,1188,327,861
20231009,02006,7738,4098,3640
20231009,02282,723,131,592
20231010,02003,1647,431,1216
20231010,02006,9849,4560,5289
20231010,02282,963,275,688
20231011,02003,1561,361,1200
20231011,02006,9378,4237,5141
20231011,02282,1002,284,718
20231012,02003,1761,368,1393
20231012,02006,9689,4399,5290
20231012,02282,1087,313,774
20231013,02003,1888,483,1405
20231013,02006,10394,4961,5433
20231013,02282,1095,322,773
20231014,02003,1203,367,836
20231014,02006,7982,3879,4103
20231014,02282,809,180,629
20231015,02003,1324,345,979
20231015,02006,7913,4154,3759
20231015,02282,664,169,495
20231016,02003,1641,391,1250
20231016,02006,9583,4427,5156
20231016,02282,1027,300,727
20231017,02003,1649,362,1287
20231017,02006,9484,4312,5172
20231017,02282,1037,308,729
20231018,02003,1826,466,1360
20231018,02006,9379,4227,5152
20231018,02282,1001,272,729
20231019,02003,1684,368,1316
20231019,02006,9428,4329,5099
20231019,02282,894,258,636
20231020,02003,1816,443,1373
20231020,02006,10492,4704,5788
20231020,02282,1037,272,765
20231021,02003,1532,344,1188
20231021,02006,8295,3898,4397
20231021,02282,891,213,678
20231022,02003,1277,328,949
20231022,02006,7479,3887,3592
20231022,02282,631,166,465
20231023,02003,1727,413,1314
20231023,02006,9535,4343,5192
20231023,02282,1002,295,707
20231024,02003,1666,371,1295
20231024,02006,9386,4247,5139
20231024,02282,947,272,675
20231025,02003,1764,438,1326
20231025,02006,9607,4289,5318
20231025,02282,999,306,693
20231026,02003,1759,407,1352
20231026,02006,9671,4526,5145
20231026,02282,984,279,705
20231027,02003,2048,473,1575
20231027,02006,10727,5020,5707
20231027,02282,1153,314,839
20231028,02003,1372,302,1070
20231028,02006,8698,4229,4469
20231028,02282,953,255,698
20231029,02003,1390,383,1007
20231029,02006,8229,4370,3859
20231029,02282,697,151,546
20231030,02003,1680,390,1290
20231030,02006,9851,4730,5121
20231030,02282,1057,322,735
20231031,02003,1574,369,1205
20231031,02006,9586,4450,5136
20231031,02282,997,305,692
20231101,02003,1652,349,1303
20231101,02006,9430,4279,5151
20231101,02282,1037,309,728
20231102,02003,1744,386,1358
20231102,02006,9907,4541,5366
20231102,02282,1011,275,736
20231103,02003,1904,455,1449
20231103,02006,10463,4836,5627
20231103,02282,1110,303,807
20231104,02003,1599,418,1181
20231104,02006,9029,4294,4735
20231104,02282,914,208,706
20231105,02003,1323,366,957
20231105,02006,7312,3981,3331
20231105,02282,623,145,478
20231106,02003,1542,371,1171
20231106,02006,8995,4168,4827
20231106,02282,884,278,606
20231107,02003,1569,359,1210
20231107,02006,9723,4349,5374
20231107,02282,924,262,662
20231108,02003,1717,388,1329
20231108,02006,9480,4348,5132
20231108,02282,1045,295,750
20231109,02003,1977,424,1553
20231109,02006,9900,4418,5482
20231109,02282,1065,290,775
20231110,02003,2010,478,1532
20231110,02006,11394,5430,5964
20231110,02282,1149,356,793
20231111,02003,1098,322,776
20231111,02006,5147,2527,2620
20231111,02282,772,173,599
20231112,02003,1185,323,862
20231112,02006,7220,3874,3346
20231112,02282,578,137,441
20231113,02003,1559,404,1155
20231113,02006,9738,4537,5201
20231113,02282,937,274,663
20231114,02003,1707,416,1291
20231114,02006,9433,4286,5147
20231114,02282,1005,307,698
20231115,02003,1698,397,1301
20231115,02006,9656,4425,5231
20231115,02282,1057,277,780
20231116,02003,1480,359,1121
20231116,02006,9078,4129,4949
20231116,02282,902,253,649
20231117,02003,1943,525,1418
20231117,02006,10151,4760,5391
20231117,02282,1036,279,757
20231118,02003,1395,406,989
20231118,02006,8252,4018,4234
20231118,02282,763,146,617
20231119,02003,1273,403,870
20231119,02006,7614,4106,3508
20231119,02282,630,124,506
20231120,02003,1630,394,1236
20231120,02006,9510,4475,5035
20231120,02282,935,279,656
20231121,02003,1627,384,1243
20231121,02006,9457,4334,5123
20231121,02282,986,270,716
20231122,02003,1658,386,1272
20231122,02006,9429,4382,5047
20231122,02282,968,261,707
20231123,02003,1716,420,1296
20231123,02006,9559,4513,5046
20231123,02282,1057,308,749
20231124,02003,1780,449,1331
20231124,02006,10420,4760,5660
20231124,02282,1005,300,705
20231125,02003,1247,369,878
20231125,02006,7736,3858,3878
20231125,02282,792,188,604
20231126,02003,1063,291,772
20231126,02006,7225,3843,3382
20231126,02282,648,133,515
20231127,02003,1576,416,1160
20231127,02006,9206,4391,4815
20231127,02282,904,244,660
20231128,02003,1531,388,1143
20231128,02006,9176,4206,4970
20231128,02282,928,272,656
20231129,02003,1616,375,1241
20231129,02006,9358,4203,5155
20231129,02282,956,268,688
20231130,02003,1563,363,1200
20231130,02006,9194,4193,5001
20231130,02282,897,238,659
20231201,02003,1778,414,1364
20231201,02006,9906,4635,5271
20231201,02282,940,252,688
20231202,02003,1229,362,867
20231202,02006,7499,3645,3854
20231202,02282,816,187,629
20231203,02003,1042,347,695
20231203,02006,6784,3614,3170
20231203,02282,577,105,472
20231204,02003,1452,371,1081
20231204,02006,9446,4309,5137
20231204,02282,914,276,638
20231205,02003,1595,371,1224
20231205,02006,9323,4227,5096
20231205,02282,969,265,704
20231206,02003,1659,406,1253
20231206,02006,9141,4172,4969
20231206,02282,958,292,666
20231207,02003,1692,390,1302
20231207,02006,9626,4369,5257
20231207,02282,1014,298,716
20231208,02003,1799,443,1356
20231208,02006,10000,4691,5309
20231208,02282,1043,274,769
20231209,02003,1323,370,953
20231209,02006,7875,3732,4143
20231209,02282,879,217,662
20231210,02003,1097,315,782
20231210,02006,6883,3721,3162
20231210,02282,615,100,515
20231211,02003,1471,380,1091
20231211,02006,8811,4046,4765
20231211,02282,870,239,631
20231212,02003,1587,400,1187
20231212,02006,9241,4311,4930
20231212,02282,984,290,694
20231213,02003,1551,388,1163
20231213,02006,9368,4326,5042
20231213,02282,986,281,705
20231214,02003,1564,405,1159
20231214,02006,9075,4168,4907
20231214,02282,876,262,614
20231215,02003,1880,500,1380
20231215,02006,9949,4829,5120
20231215,02282,928,277,651
20231216,02003,1323,416,907
20231216,02006,8297,4036,4261
20231216,02282,772,177,595
20231217,02003,1098,290,808
20231217,02006,6400,3435,2965
20231217,02282,485,105,380
20231218,02003,1489,388,1101
20231218,02006,9229,4263,4966
20231218,02282,934,257,677
20231219,02003,1539,411,1128
20231219,02006,9321,4366,4955
20231219,02282,911,271,640
20231220,02003,1569,381,1188
20231220,02006,9455,4415,5040
20231220,02282,921,287,634
20231221,02003,1525,394,1131
20231221,02006,9150,4363,4787
20231221,02282,843,285,558
20231222,02003,1641,429,1212
20231222,02006,9714,4669,5045
20231222,02282,982,283,699
20231223,02003,1372,378,994
20231223,02006,7908,3899,4009
20231223,02282,785,178,607
20231224,02003,1361,365,996
20231224,02006,7362,3686,3676
20231224,02282,855,189,666
20231225,02003,1364,399,965
20231225,02006,7359,3887,3472
20231225,02282,799,202,597
20231226,02003,1444,393,1051
20231226,02006,9093,4373,4720
20231226,02282,945,280,665
20231227,02003,1521,397,1124
20231227,02006,9399,4495,4904
20231227,02282,957,253,704
20231228,02003,1569,401,1168
20231228,02006,9242,4360,4882
20231228,02282,949,255,694
20231229,02003,1624,401,1223
20231229,02006,9477,4468,5009
20231229,02282,961,250,711
20231230,02003,1187,348,839
20231230,02006,6797,3284,3513
20231230,02282,635,110,525
20231231,02003,918,196,722
20231231,02006,6348,3146,3202
20231231,02282,593,166,427
20240101,02003,992,350,642
20240101,02006,6166,3692,2474
20240101,02282,649,145,504
20240102,02003,1247,433,814
20240102,02006,8931,4330,4601
20240102,02282,897,229,668
20240103,02003,1255,396,859
20240103,02006,8415,3880,4535
20240103,02282,857,227,630
20240104,02003,1337,359,978
20240104,02006,8357,3848,4509
20240104,02282,868,234,634
20240105,02003,1523,379,1144
20240105,02006,9358,4510,4848
20240105,02282,916,238,678
20240106,02003,1094,321,773
20240106,02006,6583,3148,3435
20240106,02282,722,129,593
20240107,02003,970,270,700
20240107,02006,6090,3203,2887
20240107,02282,497,114,383
20240108,02003,1228,338,890
20240108,02006,8399,3930,4469
20240108,02282,824,235,589
20240109,02003,1214,377,837
20240109,02006,8359,3856,4503
20240109,02282,794,223,571
20240110,02003,1424,400,1024
20240110,02006,8681,4037,4644
20240110,02282,827,224,603
20240111,02003,1419,424,995
20240111,02006,8891,4186,4705
20240111,02282,882,272,610
20240112,02003,1572,437,1135
20240112,02006,9782,4656,5126
20240112,02282,906,259,647
20240113,02003,1176,297,879
20240113,02006,7493,3626,3867
20240113,02282,698,141,557
20240114,02003,937,277,660
20240114,02006,5812,3139,2673
20240114,02282,426,81,345
20240115,02003,1324,408,916
20240115,02006,8778,4124,4654
20240115,02282,839,250,589
20240116,02003,1334,376,958
20240116,02006,8579,3993,4586
20240116,02282,889,237,652
20240117,02003,1258,377,881
20240117,02006,8607,3849,4758
20240117,02282,797,207,590
20240118,02003,1453,393,1060
20240118,02006,9032,4231,4801
20240118,02282,902,251,651
20240119,02003,1494,451,1043
20240119,02006,9726,4529,5197
20240119,02282,974,254,720
20240120,02003,1224,353,871
20240120,02006,7355,3519,3836
20240120,02282,754,167,587
20240121,02003,964,292,672
20240121,02006,6406,3447,2959
20240121,02282,560,81,479
20240122,02003,1210,344,866
20240122,02006,8211,3899,4312
20240122,02282,814,243,571
20240123,02003,1103,336,767
20240123,02006,7843,3635,4208
20240123,02282,732,199,533
20240124,02003,1242,342,900
20240124,02006,8150,3771,4379
20240124,02282,805,246,559
20240125,02003,1336,388,948
20240125,02006,8855,4181,4674
20240125,02282,834,246,588
20240126,02003,1565,411,1154
20240126,02006,9505,4543,4962
20240126,02282,990,240,750
20240127,02003,1112,313,799
20240127,02006,7229,3565,3664
20240127,02282,729,135,594
20240128,02003,964,309,655
20240128,02006,6343,3392,2951
20240128,02282,525,94,431
20240129,02003,1242,349,893
20240129,02006,8615,4051,4564
20240129,02282,843,216,627
20240130,02003,1331,372,959
20240130,02006,8807,4144,4663
20240130,02282,886,241,645
20240131,02003,1504,417,1087
20240131,02006,8859,4239,4620
20240131,02282,928,263,665
20240201,02003,1326,372,954
20240201,02006,8653,4039,4614
20240201,02282,860,236,624
20240202,02003,1513,420,1093
20240202,02006,9541,4530,5011
20240202,02282,934,258,676
20240203,02003,1117,324,793
20240203,02006,6980,3369,3611
20240203,02282,789,158,631
20240204,02003,1029,307,722
20240204,02006,6404,3375,3029
20240204,02282,530,99,431
20240205,02003,1213,350,863
20240205,02006,8489,3928,4561
20240205,02282,784,219,565
20240206,02003,1354,366,988
20240206,02006,8858,4125,4733
20240206,02282,941,243,698
20240207,02003,1420,387,1033
20240207,02006,8989,4070,4919
20240207,02282,913,198,715
20240208,02003,1390,386,1004
20240208,02006,9168,4044,5124
20240208,02282,951,211,740
20240209,02003,791,181,610
20240209,02006,5698,2489,3209
20240209,02282,501,99,402
20240210,02003,815,247,568
20240210,02006,6202,3461,2741
20240210,02282,433,137,296
20240211,02003,920,318,602
20240211,02006,6231,3789,2442
20240211,02282,484,158,326
20240212,02003,1020,422,598
20240212,02006,6634,4162,2472
20240212,02282,549,150,399
20240213,02003,1334,444,890
20240213,02006,9155,4698,4457
20240213,02282,843,242,601
20240214,02003,1471,388,1083
20240214,02006,9254,4500,4754
20240214,02282,1050,300,750
20240215,02003,1291,384,907
20240215,02006,8643,4257,4386
20240215,02282,956,262,694
20240216,02003,1673,469,1204
20240216,02006,10043,4916,5127
20240216,02282,1047,297,750
20240217,02003,1269,375,894
20240217,02006,8073,4023,4050
20240217,02282,845,180,665
20240218,02003,1039,301,738
20240218,02006,6346,3386,2960
20240218,02282,520,83,437
20240219,02003,1317,405,912
20240219,02006,8587,4011,4576
20240219,02282,890,251,639
20240220,02003,1443,429,1014
20240220,02006,8829,4162,4667
20240220,02282,916,233,683
20240221,02003,1334,382,952
20240221,02006,8843,4092,4751
20240221,02282,885,263,622
20240222,02003,1540,404,1136
20240222,02006,9402,4390,5012
20240222,02282,897,244,653
20240223,02003,1675,426,1249
20240223,02006,10319,4927,5392
20240223,02282,1076,300,776
20240224,02003,1201,337,864
20240224,02006,7691,3659,4032
20240224,02282,778,157,621
20240225,02003,1019,317,702
20240225,02006,6863,3642,3221
20240225,02282,634,153,481
20240226,02003,1482,380,1102
20240226,02006,9604,4528,5076
20240226,02282,958,287,671
20240227,02003,1424,376,1048
20240227,02006,9418,4462,4956
20240227,02282,1114,304,810
20240228,02003,1549,410,1139
20240228,02006,9692,4597,5095
20240228,02282,1004,263,741
20240229,02003,1586,393,1193
20240229,02006,10093,4757,5336
20240229,02282,1015,289,726
20240301,02003,1049,317,732
20240301,02006,7542,3625,3917
20240301,02282,705,128,577
20240302,02003,1061,297,764
20240302,02006,7060,3659,3401
20240302,02282,753,143,610
20240303,02003,963,332,631
20240303,02006,6856,3755,3101
20240303,02282,573,105,468
20240304,02003,1527,407,1120
20240304,02006,8890,4134,4756
20240304,02282,875,244,631
20240305,02003,1560,380,1180
20240305,02006,8930,4063,4867
20240305,02282,984,258,726
20240306,02003,1533,371,1162
20240306,02006,9383,4217,5166
20240306,02282,999,233,766
20240307,02003,1567,353,1214
20240307,02006,9202,4144,5058
20240307,02282,908,240,668
20240308,02003,1753,412,1341
20240308,02006,10357,4820,5537
20240308,02282,1084,320,764
20240309,02003,1245,332,913
20240309,02006,7718,3725,3993
20240309,02282,851,144,707
20240310,02003,945,273,672
20240310,02006,6851,3611,3240
20240310,02282,654,135,519
20240311,02003,1607,401,1206
20240311,02006,9343,4218,5125
20240311,02282,942,268,674
20240312,02003,1554,361,1193
20240312,02006,8917,3941,4976
20240312,02282,876,267,609
20240313,02003,1575,358,1217
20240313,02006,9442,4233,5209
20240313,02282,939,253,686
20240314,02003,1722,386,1336
20240314,02006,9579,4435,5144
20240314,02282,966,270,696
20240315,02003,1752,407,1345
20240315,02006,10450,4784,5666
20240315,02282,1063,277,786
20240316,02003,1384,368,1016
20240316,02006,8538,4094,4444
20240316,02282,909,188,721
20240317,02003,1006,280,726
20240317,02006,7371,3736,3635
20240317,02282,653,165,488
20240318,02003,1554,417,1137
20240318,02006,9508,4365,5143
20240318,02282,1029,285,744
20240319,02003,1653,371,1282
20240319,02006,9173,4110,5063
20240319,02282,1013,281,732
20240320,02003,1426,353,1073
20240320,02006,9074,4126,4948
20240320,02282,928,264,664
20240321,02003,1704,403,1301
20240321,02006,9849,4530,5319
20240321,02282,1042,294,748
20240322,02003,1872,494,1378
20240322,02006,10033,4629,5404
20240322,02282,964,248,716
20240323,02003,1356,383,973
20240323,02006,8296,4024,4272
20240323,02282,958,166,792
20240324,02003,1158,351,807
20240324,02006,7469,3921,3548
20240324,02282,709,159,550
20240325,02003,1613,437,1176
20240325,02006,9253,4268,4985
20240325,02282,988,282,706
20240326,02003,1672,409,1263
20240326,02006,9244,4079,5165
20240326,02282,989,289,700
20240327,02003,1777,456,1321
20240327,02006,9660,4355,5305
20240327,02282,967,280,687
20240328,02003,915,274,641
20240328,02006,4106,2125,1981
20240328,02282,249,97,152
20240329,02003,1772,438,1334
20240329,02006,10084,4641,5443
20240329,02282,1033,301,732
20240330,02003,1386,308,1078
20240330,02006,9331,4393,4938
20240330,02282,943,192,751
20240331,02003,1218,421,797
20240331,02006,7746,4132,3614
20240331,02282,750,181,569
20240401,02003,1606,411,1195
20240401,02006,9661,4584,5077
20240401,02282,1000,284,716
20240402,02003,1656,411,1245
20240402,02006,9588,4342,5246
20240402,02282,1049,284,765
20240403,02003,1594,404,1190
20240403,02006,9157,4100,5057
20240403,02282,973,273,700
20240404,02003,1753,429,1324
20240404,02006,9634,4384,5250
20240404,02282,990,275,715
20240405,02003,1912,524,1388
20240405,02006,10435,4840,5595
20240405,02282,1188,352,836
20240406,02003,1533,390,1143
20240406,02006,8824,4084,4740
20240406,02282,990,228,762
20240407,02003,1217,343,874
20240407,02006,7995,4124,3871
20240407,02282,769,191,578
20240408,02003,1709,438,1271
20240408,02006,9685,4473,5212
20240408,02282,1039,298,741
20240409,02003,1804,444,1360
20240409,02006,10031,4564,5467
20240409,02282,1067,300,767
20240410,02003,1083,301,782
20240410,02006,7034,3293,3741
20240410,02282,767,181,586
20240411,02003,1746,438,1308
20240411,02006,9514,4349,5165
20240411,02282,999,241,758
20240412,02003,1941,532,1409
20240412,02006,10265,4785,5480
20240412,02282,1148,312,836
20240413,02003,1518,386,1132
20240413,02006,8766,4305,4461
20240413,02282,923,194,729
20240414,02003,1093,382,711
20240414,02006,7540,4108,3432
20240414,02282,659,139,520
20240415,02003,1592,431,1161
20240415,02006,9195,4308,4887
20240415,02282,936,268,668
20240416,02003,1688,423,1265
20240416,02006,9480,4407,5073
20240416,02282,1023,279,744
20240417,02003,1689,402,1287
20240417,02006,9628,4426,5202
20240417,02282,1092,331,761
20240418,02003,1813,423,1390
20240418,02006,9916,4558,5358
20240418,02282,1084,319,765
20240419,02003,1914,503,1411
20240419,02006,10556,4949,5607
20240419,02282,1117,293,824
20240420,02003,1215,369,846
20240420,02006,7356,3610,3746
20240420,02282,786,158,628
20240421,02003,1218,375,843
20240421,02006,7323,4061,3262
20240421,02282,668,158,510
20240422,02003,1590,416,1174
20240422,02006,9691,4463,5228
20240422,02282,1035,301,734
20240423,02003,1667,394,1273
20240423,02006,9682,4486,5196
20240423,02282,1021,286,735
20240424,02003,1693,383,1310
20240424,02006,9131,4163,4968
20240424,02282,1022,292,730
20240425,02003,1843,410,1433
20240425,02006,9958,4683,5275
20240425,02282,1127,283,844
20240426,02003,1997,449,1548
20240426,02006,10579,4926,5653
20240426,02282,1138,289,849
20240427,02003,1499,390,1109
20240427,02006,8889,4498,4391
20240427,02282,951,208,743
20240428,02003,1153,329,824
20240428,02006,8199,4359,3840
20240428,02282,689,168,521
20240429,02003,1832,410,1422
20240429,02006,10206,4850,5356
20240429,02282,1052,304,748
20240430,02003,1841,413,1428
20240430,02006,10374,4754,5620
20240430,02282,1206,338,868
20240501,02003,1393,337,1056
20240501,02006,7289,3397,3892
20240501,02282,772,158,614
20240502,02003,1952,419,1533
20240502,02006,10159,4713,5446
20240502,02282,1049,263,786
20240503,02003,2020,455,1565
20240503,02006,11144,5181,5963
20240503,02282,1084,271,813
20240504,02003,1416,346,1070
20240504,02006,9393,4483,4910
20240504,02282,1001,210,791
20240505,02003,932,304,628
20240505,02006,6504,3618,2886
20240505,02282,479,73,406
20240506,02003,1033,377,656
20240506,02006,6860,3897,2963
20240506,02282,606,108,498
20240507,02003,1679,431,1248
20240507,02006,10058,4805,5253
20240507,02282,928,290,638
20240508,02003,1677,412,1265
20240508,02006,9728,4410,5318
20240508,02282,965,267,698
20240509,02003,1721,386,1335
20240509,02006,10197,4792,5405
20240509,02282,1074,299,775
20240510,02003,2081,490,1591
20240510,02006,10818,5112,5706
20240510,02282,1159,332,827
20240511,02003,1359,379,980
20240511,02006,7595,3775,3820
20240511,02282,759,156,603
20240512,02003,1437,372,1065
20240512,02006,8390,4537,3853
20240512,02282,690,160,530
20240513,02003,1671,388,1283
20240513,02006,10147,4645,5502
20240513,02282,1035,292,743
20240514,02003,1810,477,1333
20240514,02006,10691,4879,5812
20240514,02282,1059,310,749
20240515,02003,1052,288,764
20240515,02006,6326,3201,3125
20240515,02282,623,115,508
20240516,02003,1796,412,1384
20240516,02006,9974,4617,5357
20240516,02282,979,247,732
20240517,02003,1739,436,1303
20240517,02006,11029,5242,5787
20240517,02282,1047,281,766
20240518,02003,1530,394,1136
20240518,02006,9324,4642,4682
20240518,02282,1027,218,809
20240519,02003,1194,333,861
20240519,02006,8112,4514,3598
20240519,02282,742,125,617
20240520,02003,1635,420,1215
20240520,02006,10179,4766,5413
20240520,02282,989,273,716
20240521,02003,1731,385,1346
20240521,02006,9888,4695,5193
20240521,02282,1112,344,768
20240522,02003,1722,359,1363
20240522,02006,9902,4550,5352
20240522,02282,1076,293,783
20240523,02003,1783,404,1379
20240523,02006,10267,4892,5375
20240523,02282,1076,298,778
20240524,02003,1976,457,1519
20240524,02006,10928,5321,5607
20240524,02282,1146,299,847
20240525,02003,976,268,708
20240525,02006,9252,4560,4692
20240525,02282,1090,222,868
20240526,02003,1096,342,754
20240526,02006,7320,3955,3365
20240526,02282,605,139,466
20240527,02003,1762,399,1363
20240527,02006,10143,4793,5350
20240527,02282,1054,286,768
20240528,02003,1724,419,1305
20240528,02006,10031,4816,5215
20240528,02282,1112,298,814
20240529,02003,1836,363,1473
20240529,02006,10007,4733,5274
20240529,02282,1090,312,778
20240530,02003,1755,381,1374
20240530,02006,10322,4736,5586
20240530,02282,1006,311,695
20240531,02003,2040,421,1619
20240531,02006,11028,5275,5753
20240531,02282,1161,351,810
20240601,02003,1079,250,829
20240601,02006,9281,4192,5089
20240601,02282,1036,224,812
20240602,02003,1230,361,869
20240602,02006,7954,4358,3596
20240602,02282,773,145,628
20240603,02003,1685,362,1323
20240603,02006,10003,4715,5288
20240603,02282,1012,282,730
20240604,02003,1706,385,1321
20240604,02006,9854,4524,5330
20240604,02282,1068,292,776
20240605,02003,1830,409,1421
20240605,02006,10850,5042,5808
20240605,02282,1094,334,760
20240606,02003,1101,291,810
20240606,02006,8041,3957,4084
20240606,02282,922,186,736
20240607,02003,1866,393,1473
20240607,02006,10154,4905,5249
20240607,02282,1171,303,868
20240608,02003,1285,357,928
20240608,02006,8041,4364,3677
20240608,02282,860,160,700
20240609,02003,1138,342,796
20240609,02006,7628,4236,3392
20240609,02282,668,166,502
20240610,02003,1731,401,1330
20240610,02006,10155,4820,5335
20240610,02282,969,267,702
20240611,02003,1726,402,1324
20240611,02006,9894,4599,5295
20240611,02282,1064,297,767
20240612,02003,1758,391,1367
20240612,02006,10010,4687,5323
20240612,02282,1112,329,783
20240613,02003,1726,387,1339
20240613,02006,10058,4706,5352
20240613,02282,1051,307,744
20240614,02003,1886,473,1413
20240614,02006,11113,5297,5816
20240614,02282,1058,316,742
20240615,02003,1310,339,971
20240615,02006,8381,4205,4176
20240615,02282,895,207,688
20240616,02003,1132,301,831
20240616,02006,7634,4153,3481
20240616,02282,675,144,531
20240617,02003,1572,409,1163
20240617,02006,9968,4802,5166
20240617,02282,1108,346,762
20240618,02003,1501,361,1140
20240618,02006,9550,4561,4989
20240618,02282,1042,296,746
20240619,02003,1559,377,1182
20240619,02006,9562,4505,5057
20240619,02282,1029,307,722
20240620,02003,1530,385,1145
20240620,02006,9769,4746,5023
20240620,02282,1065,314,751
20240621,02003,1780,431,1349
20240621,02006,10977,5260,5717
20240621,02282,1101,350,751
20240622,02003,847,296,551
20240622,02006,7398,3738,3660
20240622,02282,739,181,558
20240623,02003,1101,354,747
20240623,02006,7506,4133,3373
20240623,02282,689,164,525
20240624,02003,1499,404,1095
20240624,02006,9742,4706,5036
20240624,02282,1022,279,743
20240625,02003,1578,414,1164
20240625,02006,9953,4759,5194
20240625,02282,1169,293,876
20240626,02003,1670,440,1230
20240626,02006,10057,4889,5168
20240626,02282,1038,301,737
20240627,02003,1628,408,1220
20240627,02006,10346,5047,5299
20240627,02282,1051,343,708
20240628,02003,1923,454,1469
20240628,02006,11444,5558,5886
20240628,02282,979,291,688
20240629,02003,1255,360,895
20240629,02006,8131,4136,3995
20240629,02282,737,163,574
20240630,02003,1026,347,679
20240630,02006,7242,4114,3128
20240630,02282,518,133,385
20240701,02003,1384,376,1008
20240701,02006,9726,4644,5082
20240701,02282,948,316,632
20240702,02003,1249,339,910
20240702,02006,8519,4084,4435
20240702,02282,850,247,603
20240703,02003,1482,399,1083
20240703,02006,9343,4423,4920
20240703,02282,967,290,677
20240704,02003,1480,369,1111
20240704,02006,9686,4589,5097
20240704,02282,1023,341,682
20240705,02003,1757,457,1300
20240705,02006,10587,5265,5322
20240705,02282,1009,289,720
20240706,02003,1175,347,828
20240706,02006,8108,4156,3952
20240706,02282,723,144,579
20240707,02003,1020,333,687
20240707,02006,7216,4062,3154
20240707,02282,532,157,375
20240708,02003,1344,359,985
20240708,02006,9059,4267,4792
20240708,02282,815,242,573
20240709,02003,1456,382,1074
20240709,02006,9287,4491,4796
20240709,02282,1002,336,666
20240710,02003,1538,392,1146
20240710,02006,9731,4519,5212
20240710,02282,996,292,704
20240711,02003,1542,397,1145
20240711,02006,9660,4615,5045
20240711,02282,1003,318,685
20240712,02003,1675,480,1195
20240712,02006,10839,5301,5538
20240712,02282,1053,323,730
20240713,02003,1270,327,943
20240713,02006,8624,4403,4221
20240713,02282,829,191,638
20240714,02003,1142,314,828
20240714,02006,7549,4245,3304
20240714,02282,584,164,420
20240715,02003,1533,414,1119
20240715,02006,9799,4755,5044
20240715,02282,1017,326,691
20240716,02003,1460,362,1098
20240716,02006,9314,4441,4873
20240716,02282,921,307,614
20240717,02003,1406,383,1023
20240717,02006,8958,4359,4599
20240717,02282,894,258,636
20240718,02003,1355,381,974
20240718,02006,8762,4256,4506
20240718,02282,848,233,615
20240719,02003,1832,467,1365
20240719,02006,11078,5408,5670
20240719,02282,1052,341,711
20240720,02003,1148,304,844
20240720,02006,7864,4060,3804
20240720,02282,707,158,549
20240721,02003,1036,351,685
20240721,02006,7433,4214,3219
20240721,02282,581,158,423
20240722,02003,1384,364,1020
20240722,02006,9172,4569,4603
20240722,02282,865,267,598
20240723,02003,1444,345,1099
20240723,02006,9454,4506,4948
20240723,02282,968,302,666
20240724,02003,1510,412,1098
20240724,02006,10003,4896,5107
20240724,02282,945,284,661
20240725,02003,1620,439,1181
20240725,02006,9786,4791,4995
20240725,02282,1013,311,702
20240726,02003,1654,410,1244
20240726,02006,11021,5363,5658
20240726,02282,1022,286,736
20240727,02003,1207,353,854
20240727,02006,7661,3912,3749
20240727,02282,701,145,556
20240728,02003,1134,328,806
20240728,02006,7635,4286,3349
20240728,02282,589,143,446
20240729,02003,1457,411,1046
20240729,02006,9858,4841,5017
20240729,02282,1033,321,712
20240730,02003,1540,419,1121
20240730,02006,10275,5147,5128
20240730,02282,1089,358,731
20240731,02003,1699,439,1260
20240731,02006,10137,4985,5152
20240731,02282,1054,317,737
20240801,02003,1563,422,1141
20240801,02006,9881,4955,4926
20240801,02282,991,325,666
20240802,02003,1619,401,1218
20240802,02006,10372,5079,5293
20240802,02282,1063,340,723
20240803,02003,1245,319,926
20240803,02006,7752,4105,3647
20240803,02282,674,155,519
20240804,02003,999,292,707
20240804,02006,6808,3804,3004
20240804,02282,526,125,401
20240805,02003,1355,375,980
20240805,02006,9512,4692,4820
20240805,02282,822,286,536
20240806,02003,1420,391,1029
20240806,02006,9259,4518,4741
20240806,02282,879,285,594
20240807,02003,1518,458,1060
20240807,02006,9439,4535,4904
20240807,02282,920,306,614
20240808,02003,1470,375,1095
20240808,02006,9748,4811,4937
20240808,02282,912,312,600
20240809,02003,1769,448,1321
20240809,02006,10562,5264,5298
20240809,02282,964,341,623
20240810,02003,1210,347,863
20240810,02006,8004,4180,3824
20240810,02282,747,179,568
20240811,02003,1082,379,703
20240811,02006,7221,4050,3171
20240811,02282,533,140,393
20240812,02003,1469,449,1020
20240812,02006,10001,4961,5040
20240812,02282,915,295,620
20240813,02003,1485,406,1079
20240813,02006,10083,4874,5209
20240813,02282,990,324,666
20240814,02003,1591,447,1144
20240814,02006,10449,5024,5425
20240814,02282,1017,328,689
20240815,02003,1002,248,754
20240815,02006,6803,3577,3226
20240815,02282,649,173,476
20240816,02003,1535,396,1139
20240816,02006,9652,4723,4929
20240816,02282,901,264,637
20240817,02003,1249,376,873
20240817,02006,7752,4140,3612
20240817,02282,676,178,498
20240818,02003,946,300,646
20240818,02006,7262,4093,3169
20240818,02282,448,124,324
20240819,02003,1381,400,981
20240819,02006,9789,4815,4974
20240819,02282,882,275,607
20240820,02003,1452,437,1015
20240820,02006,9767,4660,5107
20240820,02282,892,280,612
20240821,02003,1438,410,1028
20240821,02006,9162,4406,4756
20240821,02282,920,300,620
20240822,02003,1522,447,1075
20240822,02006,9788,4741,5047
20240822,02282,944,306,638
20240823,02003,1840,522,1318
20240823,02006,11278,5471,5807
20240823,02282,1062,353,709
20240824,02003,1332,391,941
20240824,02006,8543,4340,4203
20240824,02282,748,167,581
20240825,02003,1115,360,755
20240825,02006,7388,4136,3252
20240825,02282,574,159,415
20240826,02003,1541,435,1106
20240826,02006,10113,4961,5152
20240826,02282,963,308,655
20240827,02003,1593,441,1152
20240827,02006,10115,4869,5246
20240827,02282,1042,324,718
20240828,02003,1625,454,1171
20240828,02006,10228,4945,5283
20240828,02282,871,272,599
20240829,02003,1596,382,1214
20240829,02006,10291,5051,5240
20240829,02282,1021,293,728
20240830,02003,1861,508,1353
20240830,02006,11337,5487,5850
20240830,02282,977,295,682
20240831,02003,1425,460,965
20240831,02006,9041,4686,4355
20240831,02282,761,184,577
20240901,02003,1190,395,795
20240901,02006,7853,4517,3336
20240901,02282,551,160,391
20240902,02003,1458,391,1067
20240902,02006,9869,4753,5116
20240902,02282,984,324,660
20240903,02003,1597,381,1216
20240903,02006,9891,4619,5272
20240903,02282,974,293,681
20240904,02003,1765,423,1342
20240904,02006,10171,4758,5413
20240904,02282,995,312,683
20240905,02003,1715,391,1324
20240905,02006,10282,4887,5395
20240905,02282,971,312,659
20240906,02003,2028,494,1534
20240906,02006,10888,5264,5624
20240906,02282,1041,327,714
20240907,02003,1565,446,1119
20240907,02006,9260,4760,4500
20240907,02282,815,216,599
20240908,02003,1190,343,847
20240908,02006,7750,4234,3516
20240908,02282,622,174,448
20240909,02003,1816,454,1362
20240909,02006,10296,4952,5344
20240909,02282,969,298,671
20240910,02003,1746,432,1314
20240910,02006,10041,4759,5282
20240910,02282,976,309,667
20240911,02003,1760,442,1318
20240911,02006,10411,5024,5387
20240911,02282,976,299,677
20240912,02003,1654,405,1249
20240912,02006,10101,4716,5385
20240912,02282,885,262,623
20240913,02003,1756,404,1352
20240913,02006,10692,4815,5877
20240913,02282,927,309,618
20240914,02003,1086,262,824
20240914,02006,7482,3431,4051
20240914,02282,730,192,538
20240915,02003,1128,275,853
20240915,02006,6839,3249,3590
20240915,02282,657,238,419
20240916,02003,1144,294,850
20240916,02006,6782,3689,3093
20240916,02282,621,227,394
20240917,02003,1146,418,728
20240917,02006,7541,4761,2780
20240917,02282,500,194,306
20240918,02003,1015,451,564
20240918,02006,7594,4910,2684
20240918,02282,444,161,283
20240919,02003,1560,480,1080
20240919,02006,9988,5191,4797
20240919,02282,851,315,536
20240920,02003,1608,397,1211
20240920,02006,9612,4723,4889
20240920,02282,857,275,582
20240921,02003,1249,389,860
20240921,02006,7612,4045,3567
20240921,02282,744,156,588
20240922,02003,1314,369,945
20240922,02006,7481,4170,3311
20240922,02282,568,138,430
20240923,02003,1762,390,1372
20240923,02006,10398,4912,5486
20240923,02282,1039,324,715
20240924,02003,1717,387,1330
20240924,02006,10321,4984,5337
20240924,02282,996,322,674
20240925,02003,1816,420,1396
20240925,02006,10395,4879,5516
20240925,02282,994,314,680
20240926,02003,1960,453,1507
20240926,02006,10587,4986,5601
20240926,02282,1013,297,716
20240927,02003,2061,501,1560
20240927,02006,11643,5699,5944
20240927,02282,1131,353,778
20240928,02003,1536,297,1239
20240928,02006,9450,4964,4486
20240928,02282,893,209,684
20240929,02003,1362,403,959
20240929,02006,8105,4406,3699
20240929,02282,613,171,442
20240930,02003,1820,436,1384
20240930,02006,10542,5130,5412
20240930,02282,1068,313,755
20241001,02003,764,225,539
20241001,02006,5517,2853,2664
20241001,02282,582,127,455
20241002,02003,1810,388,1422
20241002,02006,10484,4871,5613
20241002,02282,1040,329,711
20241003,02003,1296,359,937
20241003,02006,8099,4210,3889
20241003,02282,813,197,616
20241004,02003,2051,509,1542
20241004,02006,11043,5395,5648
20241004,02282,971,332,639
20241005,02003,1878,631,1247
20241005,02006,9921,5262,4659
20241005,02282,991,247,744
20241006,02003,1300,402,898
20241006,02006,7862,4569,3293
20241006,02282,546,134,412
20241007,02003,1565,390,1175
20241007,02006,10208,5005,5203
20241007,02282,992,307,685
20241008,02003,1849,447,1402
20241008,02006,10520,4953,5567
20241008,02282,1000,311,689
20241009,02003,1405,355,1050
20241009,02006,7808,4128,3680
20241009,02282,726,220,506
20241010,02003,1798,408,1390
20241010,02006,10113,4844,5269
20241010,02282,960,283,677
20241011,02003,1943,494,1449
20241011,02006,11053,5442,5611
20241011,02282,1039,327,712
20241012,02003,1650,441,1209
20241012,02006,9593,4948,4645
20241012,02282,891,245,646
20241013,02003,1435,412,1023
20241013,02006,8510,4614,3896
20241013,02282,659,205,454
20241014,02003,1689,386,1303
20241014,02006,10520,5085,5435
20241014,02282,978,335,643
20241015,02003,1733,414,1319
20241015,02006,9966,4674,5292
20241015,02282,985,305,680
20241016,02003,1860,425,1435
20241016,02006,10294,4881,5413
20241016,02282,1050,333,717
20241017,02003,1806,432,1374
20241017,02006,10318,4962,5356
20241017,02282,969,292,677
20241018,02003,1892,467,1425
20241018,02006,10341,5184,5157
20241018,02282,880,284,596
20241019,02003,1641,410,1231
20241019,02006,9220,4801,4419
20241019,02282,835,234,601
20241020,02003,1400,395,1005
20241020,02006,8546,4736,3810
20241020,02282,579,165,414
20241021,02003,1672,396,1276
20241021,02006,10207,4893,5314
20241021,02282,1048,334,714
20241022,02003,1594,409,1185
20241022,02006,9463,4459,5004
20241022,02282,936,271,665
20241023,02003,1783,408,1375
20241023,02006,10180,4855,5325
20241023,02282,996,327,669
20241024,02003,1786,400,1386
20241024,02006,10374,5028,5346
20241024,02282,1017,330,687
20241025,02003,2138,522,1616
20241025,02006,11700,5719,5981
20241025,02282,1059,356,703
20241026,02003,1670,416,1254
20241026,02006,9872,5142,4730
20241026,02282,901,270,631
20241027,02003,1402,416,986
20241027,02006,8216,4102,4114
20241027,02282,872,243,629
20241028,02003,1728,443,1285
20241028,02006,10422,5029,5393
20241028,02282,1018,315,703
20241029,02003,1749,446,1303
20241029,02006,10148,4881,5267
20241029,02282,967,286,681
20241030,02003,1898,426,1472
20241030,02006,10401,4901,5500
20241030,02282,1036,330,706
20241031,02003,1988,486,1502
20241031,02006,10560,5076,5484
20241031,02282,1103,347,756
